0 -0.0537426
0.0344828 0.16217
0.0689655 0.3705
0.103448 0.561506
0.137931 0.726256
0.172414 0.857048
0.206897 0.947764
0.241379 0.994165
0.275862 0.994079
0.310345 0.947511
0.344828 0.856639
0.37931 0.725711
0.413793 0.56085
0.448276 0.369764
0.482759 0.161389
0.517241 -0.0545335
0.551724 -0.267906
0.586207 -0.468751
0.62069 -0.647678
0.655172 -0.79632
0.689655 -0.907727
0.724138 -0.97669
0.758621 -0.999984
0.793103 -0.97652
0.827586 -0.907395
0.862069 -0.795841
0.896552 -0.647074
0.931034 -0.468051
0.965517 -0.267142
1 -0.0537426
