0 0.751697
0.0344828 0.87537
0.0689655 0.958112
0.103448 0.996054
0.137931 0.987421
0.172414 0.932618
0.206897 0.834206
0.241379 0.696788
0.275862 0.526789
0.310345 0.332158
0.344828 0.121995
0.37931 -0.0938718
0.413793 -0.305349
0.448276 -0.502549
0.482759 -0.67625
0.517241 -0.818331
0.551724 -0.922147
0.586207 -0.982845
0.62069 -0.997585
0.655172 -0.96568
0.689655 -0.888621
0.724138 -0.770011
0.758621 -0.615396
0.793103 -0.432006
0.827586 -0.228415
0.862069 -0.0141446
0.896552 0.200788
0.931034 0.406331
0.965517 0.592875
1 0.751697
