0 0.457518
0.0344828 0.637555
0.0689655 0.787781
0.103448 0.901172
0.137931 0.972424
0.172414 0.998207
0.206897 0.977315
0.241379 0.910725
0.275862 0.80155
0.310345 0.654896
0.344828 0.477619
0.37931 0.27801
0.413793 0.0654011
0.448276 -0.150266
0.482759 -0.358907
0.517241 -0.550765
0.551724 -0.716871
0.586207 -0.849456
0.62069 -0.942322
0.655172 -0.991126
0.689655 -0.993586
0.724138 -0.949587
0.758621 -0.861186
0.793103 -0.732517
0.827586 -0.569597
0.862069 -0.380043
0.896552 -0.172718
0.931034 0.0426826
0.965517 0.256087
1 0.457518
