0 0.409166
0.0344828 0.595341
0.0689655 0.753678
0.103448 0.876775
0.137931 0.958874
0.172414 0.996137
0.206897 0.986822
0.241379 0.931365
0.275862 0.832358
0.310345 0.69443
0.344828 0.524032
0.37931 0.329131
0.413793 0.11884
0.448276 -0.0970079
0.482759 -0.30832
0.517241 -0.505215
0.551724 -0.678487
0.586207 -0.820033
0.62069 -0.923236
0.655172 -0.983269
0.689655 -0.997326
0.724138 -0.964749
0.758621 -0.887061
0.793103 -0.767895
0.827586 -0.612824
0.862069 -0.429097
0.896552 -0.225306
0.931034 -0.0109804
0.965517 0.203859
1 0.409166
