0 -0.512075
0.0344828 -0.315496
0.0689655 -0.104165
0.103448 0.112037
0.137931 0.323
0.172414 0.51886
0.206897 0.690459
0.241379 0.829772
0.275862 0.930286
0.310345 0.987301
0.344828 0.998151
0.37931 0.962329
0.413793 0.881509
0.448276 0.759471
0.482759 0.60192
0.517241 0.416225
0.551724 0.211067
0.586207 -0.0039595
0.62069 -0.218801
0.655172 -0.423412
0.689655 -0.608225
0.724138 -0.764597
0.758621 -0.885218
0.793103 -0.964447
0.827586 -0.99858
0.862069 -0.98602
0.896552 -0.927355
0.931034 -0.825328
0.965517 -0.684709
1 -0.512075
