0 0.550123
0.0344828 0.716343
0.0689655 0.849068
0.103448 0.942091
0.137931 0.991063
0.172414 0.993694
0.206897 0.949861
0.241379 0.861613
0.275862 0.733078
0.310345 0.570264
0.344828 0.380786
0.37931 0.173502
0.413793 -0.041894
0.448276 -0.255331
0.482759 -0.45683
0.517241 -0.636967
0.551724 -0.787321
0.586207 -0.90086
0.62069 -0.972276
0.655172 -0.99823
0.689655 -0.977507
0.724138 -0.911078
0.758621 -0.802047
0.793103 -0.655513
0.827586 -0.478329
0.862069 -0.278778
0.896552 -0.0661921
0.931034 0.149489
0.965517 0.35818
1 0.550123
