0 0.785936
0.0344828 0.899922
0.0689655 0.971829
0.103448 0.998294
0.137931 0.97808
0.172414 0.912132
0.206897 0.803534
0.241379 0.657364
0.275862 0.480456
0.310345 0.281082
0.344828 0.0685654
0.37931 -0.147157
0.413793 -0.355999
0.448276 -0.548195
0.482759 -0.714758
0.517241 -0.847899
0.551724 -0.941394
0.586207 -0.99087
0.62069 -0.994014
0.655172 -0.950679
0.689655 -0.862892
0.724138 -0.734756
0.758621 -0.572264
0.793103 -0.383014
0.827586 -0.175855
0.862069 0.0395277
0.896552 0.253062
0.931034 0.454763
0.965517 0.6352
1 0.785936
