0 0.594109
0.0344828 0.752689
0.0689655 0.876074
0.103448 0.958494
0.137931 0.996097
0.172414 0.987123
0.206897 0.931992
0.241379 0.833283
0.275862 0.69561
0.310345 0.525411
0.344828 0.330645
0.37931 0.120418
0.413793 -0.0954401
0.448276 -0.306835
0.482759 -0.503883
0.517241 -0.677369
0.551724 -0.819183
0.586207 -0.922693
0.62069 -0.983058
0.655172 -0.997457
0.689655 -0.965216
0.724138 -0.887842
0.758621 -0.768954
0.793103 -0.614111
0.827586 -0.430552
0.862069 -0.226861
0.896552 -0.0125624
0.931034 0.202324
0.965517 0.407749
1 0.594109
