0 0.67681
0.0344828 0.818757
0.0689655 0.92242
0.103448 0.982952
0.137931 0.997522
0.172414 0.965448
0.206897 0.888232
0.241379 0.769483
0.275862 0.614753
0.310345 0.431279
0.344828 0.227638
0.37931 0.0133535
0.413793 -0.201556
0.448276 -0.40704
0.482759 -0.593492
0.517241 -0.752193
0.551724 -0.875722
0.586207 -0.958304
0.62069 -0.996076
0.655172 -0.987272
0.689655 -0.932305
0.724138 -0.833745
0.758621 -0.696199
0.793103 -0.5261
0.827586 -0.331401
0.862069 -0.121206
0.896552 0.094656
0.931034 0.306092
0.965517 0.503216
1 0.67681
