0 0.715287
0.0344828 0.848289
0.0689655 0.941627
0.103448 0.990935
0.137931 0.993908
0.172414 0.950407
0.206897 0.862466
0.241379 0.734197
0.275862 0.571598
0.310345 0.382272
0.344828 0.175071
0.37931 -0.0403166
0.413793 -0.253819
0.448276 -0.455452
0.482759 -0.635789
0.517241 -0.786398
0.551724 -0.900235
0.586207 -0.971979
0.62069 -0.998273
0.655172 -0.97789
0.689655 -0.911781
0.724138 -0.803039
0.758621 -0.656747
0.793103 -0.479747
0.827586 -0.280314
0.862069 -0.0677743
0.896552 0.147935
0.931034 0.356727
0.965517 0.548838
1 0.715287
