0 0.504549
0.0344828 0.677928
0.0689655 0.819609
0.103448 0.922965
0.137931 0.983164
0.172414 0.997392
0.206897 0.964983
0.241379 0.887452
0.275862 0.768425
0.310345 0.613467
0.344828 0.429825
0.37931 0.226084
0.413793 0.0117714
0.448276 -0.203091
0.482759 -0.408458
0.517241 -0.594725
0.551724 -0.753184
0.586207 -0.876424
0.62069 -0.958684
0.655172 -0.996117
0.689655 -0.986973
0.724138 -0.931679
0.758621 -0.83282
0.793103 -0.69502
0.827586 -0.524722
0.862069 -0.329888
0.896552 -0.119629
0.931034 0.096224
0.965517 0.307578
1 0.504549
