0 0.309062
0.0344828 0.505881
0.0689655 0.679045
0.103448 0.820458
0.137931 0.923507
0.172414 0.983374
0.206897 0.99726
0.241379 0.964515
0.275862 0.88667
0.310345 0.767365
0.344828 0.61218
0.37931 0.428369
0.413793 0.224529
0.448276 0.0101895
0.482759 -0.204626
0.517241 -0.409874
0.551724 -0.595956
0.586207 -0.754172
0.62069 -0.877124
0.655172 -0.959063
0.689655 -0.996156
0.724138 -0.986671
0.758621 -0.93105
0.793103 -0.831894
0.827586 -0.69384
0.862069 -0.523342
0.896552 -0.328374
0.931034 -0.118051
0.965517 0.0977916
1 0.309062
