0 -0.00781696
0.0344828 0.206927
0.0689655 0.411996
0.103448 0.5978
0.137931 0.755651
0.172414 0.87817
0.206897 0.959626
0.241379 0.996211
0.275862 0.986214
0.310345 0.930103
0.344828 0.830501
0.37931 0.692066
0.413793 0.521271
0.448276 0.326102
0.482759 0.115684
0.517241 -0.100142
0.551724 -0.311286
0.586207 -0.507875
0.62069 -0.680716
0.655172 -0.821728
0.689655 -0.924316
0.724138 -0.983684
0.758621 -0.997057
0.793103 -0.963808
0.827586 -0.885493
0.862069 -0.765773
0.896552 -0.610246
0.931034 -0.426185
0.965517 -0.222196
1 -0.00781696
