0 -0.557478
0.0344828 -0.366023
0.0689655 -0.157454
0.103448 0.0584778
0.137931 0.271675
0.172414 0.47217
0.206897 0.650586
0.241379 0.798581
0.275862 0.909236
0.310345 0.977376
0.344828 0.999814
0.37931 0.975503
0.413793 0.905578
0.448276 0.79331
0.482759 0.643947
0.517241 0.464473
0.551724 0.263282
0.586207 0.0497799
0.62069 -0.16605
0.655172 -0.374115
0.689655 -0.564688
0.724138 -0.728856
0.758621 -0.858944
0.793103 -0.948868
0.827586 -0.994424
0.862069 -0.993483
0.896552 -0.946087
0.931034 -0.854453
0.965517 -0.722866
1 -0.557478
