0 0.152596
0.0344828 0.361084
0.0689655 0.552689
0.103448 0.71845
0.137931 0.850618
0.172414 0.943012
0.206897 0.991311
0.241379 0.993258
0.275862 0.948761
0.310345 0.859901
0.344828 0.730833
0.37931 0.567593
0.413793 0.377812
0.448276 0.170365
0.482759 -0.045048
0.517241 -0.258355
0.551724 -0.459581
0.586207 -0.639317
0.62069 -0.78916
0.655172 -0.902103
0.689655 -0.972864
0.724138 -0.998135
0.758621 -0.976735
0.793103 -0.909664
0.827586 -0.800057
0.862069 -0.653041
0.896552 -0.475489
0.931034 -0.275705
0.965517 -0.0630279
1 0.152596
