0 0.257599
0.0344828 0.458893
0.0689655 0.63873
0.103448 0.788701
0.137931 0.901793
0.172414 0.972718
0.206897 0.99816
0.241379 0.976929
0.275862 0.910018
0.310345 0.800555
0.344828 0.65366
0.37931 0.4762
0.413793 0.276473
0.448276 0.063819
0.482759 -0.151819
0.517241 -0.360359
0.551724 -0.552048
0.586207 -0.717924
0.62069 -0.850231
0.655172 -0.942782
0.689655 -0.99125
0.724138 -0.993368
0.758621 -0.949037
0.793103 -0.86033
0.827586 -0.731395
0.862069 -0.568261
0.896552 -0.378556
0.931034 -0.171149
0.965517 0.0442596
1 0.257599
