0 -0.0614459
0.0344828 0.154148
0.0689655 0.362535
0.103448 0.553969
0.137931 0.719501
0.172414 0.85139
0.206897 0.943468
0.241379 0.991431
0.275862 0.993036
0.310345 0.948208
0.344828 0.859042
0.37931 0.729709
0.413793 0.566255
0.448276 0.376324
0.482759 0.168796
0.517241 -0.0466245
0.551724 -0.259865
0.586207 -0.460954
0.62069 -0.64049
0.655172 -0.790077
0.689655 -0.902721
0.724138 -0.973154
0.758621 -0.998085
0.793103 -0.976345
0.827586 -0.908953
0.862069 -0.79906
0.896552 -0.651803
0.931034 -0.474068
0.965517 -0.274167
1 -0.0614459
