0 0.359633
0.0344828 0.551407
0.0689655 0.717398
0.103448 0.849844
0.137931 0.942552
0.172414 0.991188
0.206897 0.993477
0.241379 0.949312
0.275862 0.860758
0.310345 0.731956
0.344828 0.568929
0.37931 0.379299
0.413793 0.171934
0.448276 -0.0434712
0.482759 -0.256843
0.517241 -0.458206
0.551724 -0.638143
0.586207 -0.788242
0.62069 -0.901483
0.655172 -0.972571
0.689655 -0.998184
0.724138 -0.977122
0.758621 -0.910372
0.793103 -0.801053
0.827586 -0.654278
0.862069 -0.47691
0.896552 -0.277242
0.931034 -0.06461
0.965517 0.151043
1 0.359633
