0 0.0458363
0.0344828 0.25911
0.0689655 0.460268
0.103448 0.639904
0.137931 0.789619
0.172414 0.902412
0.206897 0.97301
0.241379 0.99811
0.275862 0.97654
0.310345 0.909309
0.344828 0.799559
0.37931 0.652422
0.413793 0.474779
0.448276 0.274936
0.482759 0.0622369
0.517241 -0.153372
0.551724 -0.36181
0.586207 -0.553329
0.62069 -0.718976
0.655172 -0.851004
0.689655 -0.94324
0.724138 -0.991371
0.758621 -0.993147
0.793103 -0.948485
0.827586 -0.859472
0.862069 -0.730271
0.896552 -0.566924
0.931034 -0.377068
0.965517 -0.16958
1 0.0458363
