0 0.0993588
0.0344828 0.310545
0.0689655 0.507211
0.103448 0.680159
0.137931 0.821305
0.172414 0.924047
0.206897 0.983582
0.241379 0.997125
0.275862 0.964044
0.310345 0.885886
0.344828 0.766304
0.37931 0.610891
0.413793 0.426913
0.448276 0.222973
0.482759 0.00860776
0.517241 -0.20616
0.551724 -0.411289
0.586207 -0.597186
0.62069 -0.755159
0.655172 -0.877822
0.689655 -0.959439
0.724138 -0.996193
0.758621 -0.986367
0.793103 -0.930419
0.827586 -0.830966
0.862069 -0.692658
0.896552 -0.521962
0.931034 -0.326859
0.965517 -0.116473
1 0.0993588
