0 -0.114896
0.0344828 0.100925
0.0689655 0.312027
0.103448 0.508539
0.137931 0.681272
0.172414 0.82215
0.206897 0.924584
0.241379 0.983787
0.275862 0.996988
0.310345 0.963571
0.344828 0.885099
0.37931 0.765241
0.413793 0.609601
0.448276 0.425456
0.482759 0.221418
0.517241 0.00702621
0.551724 -0.207694
0.586207 -0.412703
0.62069 -0.598414
0.655172 -0.756144
0.689655 -0.878517
0.724138 -0.959812
0.758621 -0.996227
0.793103 -0.98606
0.827586 -0.929786
0.862069 -0.830036
0.896552 -0.691474
0.931034 -0.52058
0.965517 -0.325344
1 -0.114896
