0 0.205393
0.0344828 0.410581
0.0689655 0.596571
0.103448 0.754666
0.137931 0.877473
0.172414 0.959251
0.206897 0.996175
0.241379 0.986519
0.275862 0.930735
0.310345 0.83143
0.344828 0.693249
0.37931 0.522652
0.413793 0.327617
0.448276 0.117262
0.482759 -0.0985753
0.517241 -0.309804
0.551724 -0.506546
0.586207 -0.679602
0.62069 -0.820882
0.655172 -0.923777
0.689655 -0.983478
0.724138 -0.997193
0.758621 -0.96428
0.793103 -0.886278
0.827586 -0.766835
0.862069 -0.611535
0.896552 -0.427641
0.931034 -0.223751
0.965517 -0.0093986
1 0.205393
