0 -0.517813
0.0344828 -0.322312
0.0689655 -0.11174
0.103448 0.104058
0.137931 0.314989
0.172414 0.511192
0.206897 0.683492
0.241379 0.823833
0.275862 0.925652
0.310345 0.984189
0.344828 0.996706
0.37931 0.962619
0.413793 0.88352
0.448276 0.763109
0.482759 0.607016
0.517241 0.422539
0.551724 0.218305
0.586207 0.00386368
0.62069 -0.210759
0.655172 -0.415526
0.689655 -0.600864
0.724138 -0.758107
0.758621 -0.879901
0.793103 -0.960552
0.827586 -0.996288
0.862069 -0.985439
0.896552 -0.928512
0.931034 -0.828169
0.965517 -0.689102
1 -0.517813
