0 -0.562905
0.0344828 -0.3726
0.0689655 -0.164872
0.103448 0.0505644
0.137931 0.263637
0.172414 0.464382
0.206897 0.643413
0.241379 0.792359
0.275862 0.904255
0.310345 0.973869
0.344828 0.997946
0.37931 0.97536
0.413793 0.907168
0.448276 0.796557
0.482759 0.6487
0.517241 0.470511
0.551724 0.270321
0.586207 0.0574911
0.62069 -0.158027
0.655172 -0.366156
0.689655 -0.557164
0.724138 -0.722119
0.758621 -0.853309
0.793103 -0.9446
0.827586 -0.991721
0.862069 -0.992471
0.896552 -0.946814
0.931034 -0.856886
0.965517 -0.72689
1 -0.562905
