0 -0.423269
0.0344828 -0.219084
0.0689655 -0.00465424
0.103448 0.209993
0.137931 0.414821
0.172414 0.600252
0.206897 0.757617
0.241379 0.879556
0.275862 0.960368
0.310345 0.996274
0.344828 0.985595
0.37931 0.928832
0.413793 0.828637
0.448276 0.689696
0.482759 0.518505
0.517241 0.32307
0.551724 0.112529
0.586207 -0.103275
0.62069 -0.314249
0.655172 -0.510529
0.689655 -0.682938
0.724138 -0.823413
0.758621 -0.925386
0.793103 -0.984089
0.827586 -0.996778
0.862069 -0.962858
0.896552 -0.883916
0.931034 -0.763643
0.965517 -0.607663
1 -0.423269
