0 -0.37409
0.0344828 -0.166442
0.0689655 0.0489887
0.103448 0.262129
0.137931 0.463012
0.172414 0.642245
0.206897 0.791448
0.241379 0.903643
0.275862 0.973585
0.310345 0.998003
0.344828 0.975756
0.37931 0.907884
0.413793 0.797559
0.448276 0.649942
0.482759 0.471935
0.517241 0.27186
0.551724 0.059073
0.586207 -0.156476
0.62069 -0.364708
0.655172 -0.555887
0.689655 -0.721073
0.724138 -0.852543
0.758621 -0.944149
0.793103 -0.991607
0.827586 -0.992699
0.862069 -0.947373
0.896552 -0.85775
0.931034 -0.728019
0.965517 -0.564246
1 -0.37409
