0 -0.272629
0.0344828 -0.0598639
0.0689655 0.1557
0.103448 0.363984
0.137931 0.555248
0.172414 0.72055
0.206897 0.852159
0.241379 0.943923
0.275862 0.991549
0.310345 0.992812
0.344828 0.947652
0.37931 0.858181
0.413793 0.728582
0.448276 0.564916
0.482759 0.374835
0.517241 0.167227
0.551724 -0.0482007
0.586207 -0.261374
0.62069 -0.462326
0.655172 -0.641661
0.689655 -0.790991
0.724138 -0.903336
0.758621 -0.973442
0.793103 -0.998031
0.827586 -0.975953
0.862069 -0.908241
0.896552 -0.79806
0.931034 -0.650563
0.965517 -0.472646
1 -0.272629
