0 -0.323828
0.0344828 -0.113318
0.0689655 0.102492
0.103448 0.313509
0.137931 0.509866
0.172414 0.682383
0.206897 0.822992
0.241379 0.92512
0.275862 0.983989
0.310345 0.996848
0.344828 0.963096
0.37931 0.884311
0.413793 0.764176
0.448276 0.608309
0.482759 0.423998
0.517241 0.219862
0.551724 0.00544485
0.586207 -0.209227
0.62069 -0.414115
0.655172 -0.59964
0.689655 -0.757126
0.724138 -0.87921
0.758621 -0.960183
0.793103 -0.996259
0.827586 -0.985751
0.862069 -0.92915
0.896552 -0.829104
0.931034 -0.690289
0.965517 -0.519197
1 -0.323828
