0 -0.606369
0.0344828 -0.42181
0.0689655 -0.217527
0.103448 -0.00307317
0.137931 0.211524
0.172414 0.416231
0.206897 0.601476
0.241379 0.758596
0.275862 0.880245
0.310345 0.960735
0.344828 0.996302
0.37931 0.985283
0.413793 0.928193
0.448276 0.827702
0.482759 0.688508
0.517241 0.517121
0.551724 0.321553
0.586207 0.110951
0.62069 -0.10484
0.655172 -0.315729
0.689655 -0.511854
0.724138 -0.684046
0.758621 -0.824252
0.793103 -0.925918
0.827586 -0.984288
0.862069 -0.996634
0.896552 -0.962379
0.931034 -0.883124
0.965517 -0.762575
1 -0.606369
