0 -0.168011
0.0344828 0.0474127
0.0689655 0.26062
0.103448 0.46164
0.137931 0.641075
0.172414 0.790534
0.206897 0.903029
0.241379 0.973299
0.275862 0.998058
0.310345 0.97615
0.344828 0.908597
0.37931 0.79856
0.413793 0.651183
0.448276 0.473357
0.482759 0.273398
0.517241 0.0606549
0.551724 -0.154924
0.586207 -0.363259
0.62069 -0.554609
0.655172 -0.720026
0.689655 -0.851775
0.724138 -0.943696
0.758621 -0.991491
0.793103 -0.992924
0.827586 -0.94793
0.862069 -0.858612
0.896552 -0.729146
0.931034 -0.565586
0.965517 -0.375579
1 -0.168011
