0 -0.601269
0.0344828 -0.415492
0.0689655 -0.210287
0.103448 0.00475124
0.137931 0.219567
0.172414 0.424116
0.206897 0.608834
0.241379 0.765083
0.275862 0.885558
0.310345 0.964625
0.344828 0.998588
0.37931 0.985857
0.413793 0.927029
0.448276 0.824854
0.482759 0.68411
0.517241 0.511378
0.551724 0.314734
0.586207 0.103374
0.62069 -0.11282
0.655172 -0.323739
0.689655 -0.51952
0.724138 -0.691009
0.758621 -0.830187
0.793103 -0.930546
0.827586 -0.987394
0.862069 -0.998073
0.896552 -0.962083
0.931034 -0.881107
0.965517 -0.758931
1 -0.601269
