0 -0.22064
0.0344828 -0.00623551
0.0689655 0.20846
0.103448 0.413409
0.137931 0.599027
0.172414 0.756635
0.206897 0.878864
0.241379 0.959998
0.275862 0.996243
0.310345 0.985906
0.344828 0.929468
0.37931 0.82957
0.413793 0.690882
0.448276 0.519889
0.482759 0.324586
0.517241 0.114107
0.551724 -0.101709
0.586207 -0.312768
0.62069 -0.509203
0.655172 -0.681828
0.689655 -0.822571
0.724138 -0.924852
0.758621 -0.983888
0.793103 -0.996919
0.827586 -0.963334
0.862069 -0.884705
0.896552 -0.764709
0.931034 -0.608955
0.965517 -0.424727
1 -0.22064
