0 -0.471223
0.0344828 -0.27109
0.0689655 -0.058282
0.103448 0.157252
0.137931 0.365432
0.172414 0.556526
0.206897 0.721597
0.241379 0.852926
0.275862 0.944374
0.310345 0.991665
0.344828 0.992585
0.37931 0.947094
0.413793 0.857318
0.448276 0.727454
0.482759 0.563576
0.517241 0.373345
0.551724 0.165657
0.586207 -0.0497766
0.62069 -0.262883
0.655172 -0.463697
0.689655 -0.642829
0.724138 -0.791904
0.758621 -0.903949
0.793103 -0.973728
0.827586 -0.997975
0.862069 -0.975559
0.896552 -0.907526
0.931034 -0.797059
0.965517 -0.649321
1 -0.471223
