0 -0.855151
0.0344828 -0.724627
0.0689655 -0.56022
0.103448 -0.369618
0.137931 -0.161733
0.172414 0.0537148
0.206897 0.266651
0.241379 0.467118
0.275862 0.645744
0.310345 0.794175
0.344828 0.905472
0.37931 0.97443
0.413793 0.997824
0.448276 0.974562
0.482759 0.90573
0.517241 0.794547
0.551724 0.646212
0.586207 0.46766
0.62069 0.267242
0.655172 0.0543274
0.689655 -0.161127
0.724138 -0.369048
0.758621 -0.559712
0.793103 -0.724205
0.827586 -0.854835
0.862069 -0.945494
0.896552 -0.991942
0.931034 -0.992008
0.965517 -0.945689
1 -0.855151
