0 -0.826295
0.0344828 -0.686724
0.0689655 -0.515042
0.103448 -0.319277
0.137931 -0.108583
0.172414 0.107188
0.206897 0.317947
0.241379 0.513839
0.275862 0.685705
0.310345 0.825507
0.344828 0.926711
0.37931 0.984582
0.413793 0.996415
0.448276 0.961657
0.482759 0.881933
0.517241 0.76097
0.551724 0.604426
0.586207 0.419619
0.62069 0.215192
0.655172 0.00070192
0.689655 -0.213821
0.724138 -0.418345
0.758621 -0.603308
0.793103 -0.760062
0.827586 -0.881275
0.862069 -0.961281
0.896552 -0.996339
0.931034 -0.984809
0.965517 -0.92723
1 -0.826295
