0 -0.881534
0.0344828 -0.760435
0.0689655 -0.603778
0.103448 -0.418889
0.137931 -0.214413
0.172414 8.83953e-05
0.206897 0.214586
0.241379 0.419049
0.275862 0.603918
0.310345 0.760549
0.344828 0.881617
0.37931 0.961462
0.413793 0.99635
0.448276 0.98465
0.482759 0.926908
0.517241 0.825826
0.551724 0.686128
0.586207 0.514348
0.62069 0.318518
0.655172 0.107794
0.689655 -0.10797
0.724138 -0.318686
0.758621 -0.5145
0.793103 -0.686257
0.827586 -0.825925
0.862069 -0.926974
0.896552 -0.984678
0.931034 -0.99634
0.965517 -0.961415
1 -0.881534
