0 -0.926586
0.0344828 -0.825355
0.0689655 -0.685532
0.103448 -0.513654
0.137931 -0.317759
0.172414 -0.107005
0.206897 0.108752
0.241379 0.319424
0.275862 0.51516
0.310345 0.686808
0.344828 0.826341
0.37931 0.927236
0.413793 0.984774
0.448276 0.996265
0.482759 0.961172
0.517241 0.881136
0.551724 0.759898
0.586207 0.603129
0.62069 0.418158
0.655172 0.213634
0.689655 -0.00087866
0.724138 -0.21535
0.758621 -0.419753
0.793103 -0.604528
0.827586 -0.761036
0.862069 -0.881959
0.896552 -0.961642
0.931034 -0.99636
0.965517 -0.98449
1 -0.926586
