0 -0.687914
0.0344828 -0.516428
0.0689655 -0.320795
0.103448 -0.110161
0.137931 0.105623
0.172414 0.316468
0.206897 0.512516
0.241379 0.684599
0.275862 0.824671
0.310345 0.926183
0.344828 0.984387
0.37931 0.996562
0.413793 0.962139
0.448276 0.882727
0.482759 0.762041
0.517241 0.605722
0.551724 0.42108
0.586207 0.216749
0.62069 0.0022827
0.655172 -0.21229
0.689655 -0.416936
0.724138 -0.602087
0.758621 -0.759085
0.793103 -0.880589
0.827586 -0.960918
0.862069 -0.996315
0.896552 -0.985125
0.931034 -0.927872
0.965517 -0.827233
1 -0.687914
