0 -0.648079
0.0344828 -0.469799
0.0689655 -0.269551
0.103448 -0.0567001
0.137931 0.158802
0.172414 0.366879
0.206897 0.557801
0.241379 0.722641
0.275862 0.853692
0.310345 0.944824
0.344828 0.991777
0.37931 0.992356
0.413793 0.946534
0.448276 0.856453
0.482759 0.726325
0.517241 0.562234
0.551724 0.371855
0.586207 0.164088
0.62069 -0.0513521
0.655172 -0.264391
0.689655 -0.465067
0.724138 -0.643997
0.758621 -0.792814
0.793103 -0.90456
0.827586 -0.97401
0.862069 -0.997917
0.896552 -0.975162
0.931034 -0.906809
0.965517 -0.796055
1 -0.648079
