0 -0.905369
0.0344828 -0.794043
0.0689655 -0.645589
0.103448 -0.466947
0.137931 -0.266472
0.172414 -0.0535366
0.206897 0.161902
0.241379 0.36977
0.275862 0.560348
0.310345 0.724725
0.344828 0.855215
0.37931 0.945716
0.413793 0.991996
0.448276 0.991891
0.482759 0.945407
0.517241 0.854716
0.551724 0.72406
0.586207 0.559548
0.62069 0.368872
0.655172 0.160948
0.689655 -0.0545022
0.724138 -0.267404
0.758621 -0.467802
0.793103 -0.646326
0.827586 -0.794628
0.862069 -0.905775
0.896552 -0.974569
0.931034 -0.997792
0.965517 -0.974361
1 -0.905369
