0 -0.725759
0.0344828 -0.561563
0.0689655 -0.371109
0.103448 -0.163303
0.137931 0.0521398
0.172414 0.265144
0.206897 0.465751
0.241379 0.64458
0.275862 0.793268
0.310345 0.904865
0.344828 0.974151
0.37931 0.997887
0.413793 0.974962
0.448276 0.90645
0.482759 0.795553
0.517241 0.647457
0.551724 0.469086
0.586207 0.268782
0.62069 0.0559092
0.655172 -0.159577
0.689655 -0.367602
0.724138 -0.558439
0.758621 -0.723163
0.793103 -0.854073
0.827586 -0.945048
0.862069 -0.991833
0.896552 -0.992241
0.931034 -0.946253
0.965517 -0.856019
1 -0.725759
