0 -0.761506
0.0344828 -0.605074
0.0689655 -0.42035
0.103448 -0.21597
0.137931 -0.00149229
0.172414 0.213055
0.206897 0.417641
0.241379 0.602698
0.275862 0.759574
0.310345 0.880932
0.344828 0.9611
0.37931 0.996327
0.413793 0.984967
0.448276 0.927552
0.482759 0.826765
0.517241 0.687319
0.551724 0.515735
0.586207 0.320036
0.62069 0.109372
0.655172 -0.106405
0.689655 -0.317208
0.724138 -0.513178
0.758621 -0.685152
0.793103 -0.82509
0.827586 -0.926447
0.862069 -0.984484
0.896552 -0.996489
0.931034 -0.961898
0.965517 -0.88233
1 -0.761506
