0 -0.79505
0.0344828 -0.646834
0.0689655 -0.468373
0.103448 -0.268012
0.137931 -0.0551183
0.172414 0.160352
0.206897 0.368325
0.241379 0.559076
0.275862 0.723684
0.310345 0.854454
0.344828 0.945271
0.37931 0.991888
0.413793 0.992125
0.448276 0.945972
0.482759 0.855586
0.517241 0.725193
0.551724 0.560892
0.586207 0.370364
0.62069 0.162518
0.655172 -0.0529273
0.689655 -0.265898
0.724138 -0.466435
0.758621 -0.645162
0.793103 -0.793722
0.827586 -0.905169
0.862069 -0.974291
0.896552 -0.997856
0.931034 -0.974762
0.965517 -0.90609
1 -0.79505
