0 -0.64332
0.0344828 -0.463757
0.0689655 -0.26251
0.103448 -0.0489874
0.137931 0.166825
0.172414 0.374838
0.206897 0.565323
0.241379 0.729374
0.275862 0.859321
0.310345 0.949087
0.344828 0.994474
0.37931 0.993361
0.413793 0.9458
0.448276 0.854014
0.482759 0.722295
0.517241 0.556803
0.551724 0.365275
0.586207 0.156667
0.62069 -0.0592665
0.655172 -0.272429
0.689655 -0.472852
0.724138 -0.651166
0.758621 -0.799032
0.793103 -0.909536
0.827586 -0.977511
0.862069 -0.999779
0.896552 -0.975298
0.931034 -0.905213
0.965517 -0.792802
1 -0.64332
