0 -0.683511
0.0344828 -0.510681
0.0689655 -0.313972
0.103448 -0.102583
0.137931 0.113604
0.172414 0.324478
0.206897 0.52018
0.241379 0.691559
0.275862 0.830601
0.310345 0.930806
0.344828 0.987487
0.37931 0.997994
0.413793 0.961836
0.448276 0.880704
0.482759 0.758391
0.517241 0.600617
0.551724 0.414758
0.586207 0.209506
0.62069 -0.00554293
0.655172 -0.220332
0.689655 -0.424819
0.724138 -0.609442
0.758621 -0.765568
0.793103 -0.885897
0.827586 -0.964802
0.862069 -0.998594
0.896552 -0.985693
0.931034 -0.926703
0.965517 -0.82438
1 -0.683511
