0 -0.945123
0.0344828 -0.854281
0.0689655 -0.723493
0.103448 -0.558876
0.137931 -0.368126
0.172414 -0.160163
0.206897 0.0552895
0.241379 0.268156
0.275862 0.468484
0.310345 0.646907
0.344828 0.79508
0.37931 0.906077
0.413793 0.974707
0.448276 0.99776
0.482759 0.974159
0.517241 0.905007
0.551724 0.793539
0.586207 0.644965
0.62069 0.466234
0.655172 0.265702
0.689655 0.0527457
0.724138 -0.162677
0.758621 -0.370492
0.793103 -0.560984
0.827586 -0.725245
0.862069 -0.855594
0.896552 -0.945937
0.931034 -0.992049
0.965517 -0.991773
1 -0.945123
