0 -0.984168
0.0344828 -0.925939
0.0689655 -0.824413
0.103448 -0.684339
0.137931 -0.512266
0.172414 -0.31624
0.206897 -0.105427
0.241379 0.110316
0.275862 0.320901
0.310345 0.51648
0.344828 0.68791
0.37931 0.827173
0.413793 0.927759
0.448276 0.984964
0.482759 0.996113
0.517241 0.960685
0.551724 0.880337
0.586207 0.758824
0.62069 0.601831
0.655172 0.416696
0.689655 0.212077
0.724138 -0.00245904
0.758621 -0.21688
0.793103 -0.421159
0.827586 -0.605746
0.862069 -0.762008
0.896552 -0.88264
0.931034 -0.962001
0.965517 -0.99638
1 -0.984168
