0 -0.996396
0.0344828 -0.983845
0.0689655 -0.92529
0.103448 -0.823469
0.137931 -0.683144
0.172414 -0.510876
0.206897 -0.31472
0.241379 -0.103848
0.275862 0.111879
0.310345 0.322376
0.344828 0.517798
0.37931 0.689009
0.413793 0.828003
0.448276 0.92828
0.482759 0.985152
0.517241 0.995959
0.551724 0.960196
0.586207 0.879535
0.62069 0.757749
0.655172 0.600531
0.689655 0.415233
0.724138 0.210518
0.758621 -0.0040392
0.793103 -0.218408
0.827586 -0.422564
0.862069 -0.606962
0.896552 -0.762979
0.931034 -0.883319
0.965517 -0.962357
1 -0.996396
