0 -0.973956
0.0344828 -0.904645
0.0689655 -0.793034
0.103448 -0.644341
0.137931 -0.46552
0.172414 -0.264931
0.206897 -0.0519549
0.241379 0.163451
0.275862 0.371214
0.310345 0.56162
0.344828 0.725764
0.37931 0.855973
0.413793 0.946158
0.448276 0.992101
0.482759 0.991655
0.517241 0.94484
0.551724 0.853845
0.586207 0.722926
0.62069 0.558203
0.655172 0.367379
0.689655 0.159377
0.724138 -0.0560768
0.758621 -0.268909
0.793103 -0.469167
0.827586 -0.647488
0.862069 -0.795532
0.896552 -0.906379
0.931034 -0.974844
0.965517 -0.997726
1 -0.973956
