0 -0.991535
0.0344828 -0.944555
0.0689655 -0.853409
0.103448 -0.722358
0.137931 -0.55753
0.172414 -0.366633
0.206897 -0.158592
0.241379 0.0568639
0.275862 0.269661
0.310345 0.469849
0.344828 0.648068
0.37931 0.795983
0.413793 0.90668
0.448276 0.974981
0.482759 0.997693
0.517241 0.973754
0.551724 0.904283
0.586207 0.792529
0.62069 0.643717
0.655172 0.464806
0.689655 0.264161
0.724138 0.0511641
0.758621 -0.164225
0.793103 -0.371935
0.827586 -0.562254
0.862069 -0.726283
0.896552 -0.856351
0.931034 -0.946378
0.965517 -0.992153
1 -0.991535
