0 -0.960929
0.0344828 -0.880736
0.0689655 -0.759362
0.103448 -0.60248
0.137931 -0.417427
0.172414 -0.212855
0.206897 0.00166887
0.241379 0.216115
0.275862 0.420456
0.310345 0.605137
0.344828 0.761522
0.37931 0.8823
0.413793 0.961822
0.448276 0.99637
0.482759 0.984329
0.517241 0.926262
0.551724 0.824885
0.586207 0.684936
0.62069 0.51296
0.655172 0.316999
0.689655 0.106216
0.724138 -0.109534
0.758621 -0.320162
0.793103 -0.51582
0.827586 -0.687359
0.862069 -0.826758
0.896552 -0.927498
0.931034 -0.984869
0.965517 -0.99619
1 -0.960929
