0 -0.985244
0.0344828 -0.995881
0.0689655 -0.95995
0.103448 -0.879134
0.137931 -0.75721
0.172414 -0.59988
0.206897 -0.414501
0.241379 -0.209739
0.275862 0.00482921
0.310345 0.219172
0.344828 0.423266
0.37931 0.607569
0.413793 0.763463
0.448276 0.883658
0.482759 0.962534
0.517241 0.996403
0.551724 0.983682
0.586207 0.924964
0.62069 0.822997
0.655172 0.682546
0.689655 0.510181
0.724138 0.31396
0.758621 0.103059
0.793103 -0.112661
0.827586 -0.323113
0.862069 -0.518457
0.896552 -0.689558
0.931034 -0.828417
0.965517 -0.928539
1 -0.985244
