0 -0.997658
0.0344828 -0.97355
0.0689655 -0.90392
0.103448 -0.792023
0.137931 -0.643093
0.172414 -0.464092
0.206897 -0.26339
0.241379 -0.0503733
0.275862 0.164999
0.310345 0.372657
0.344828 0.562889
0.37931 0.726801
0.413793 0.856729
0.448276 0.946597
0.482759 0.992204
0.517241 0.991416
0.551724 0.94427
0.586207 0.852972
0.62069 0.721789
0.655172 0.556857
0.689655 0.365886
0.724138 0.157807
0.758621 -0.057651
0.793103 -0.270413
0.827586 -0.470531
0.862069 -0.648648
0.896552 -0.796434
0.931034 -0.90698
0.965517 -0.975117
1 -0.997658
