0 -0.996036
0.0344828 -0.960441
0.0689655 -0.879936
0.103448 -0.758287
0.137931 -0.601181
0.172414 -0.415964
0.206897 -0.211298
0.241379 0.00324915
0.275862 0.217644
0.310345 0.421862
0.344828 0.606354
0.37931 0.762494
0.413793 0.88298
0.448276 0.962179
0.482759 0.996388
0.517241 0.984007
0.551724 0.925615
0.586207 0.823942
0.62069 0.683742
0.655172 0.511571
0.689655 0.31548
0.724138 0.104638
0.758621 -0.111098
0.793103 -0.321638
0.827586 -0.517139
0.862069 -0.68846
0.896552 -0.827588
0.931034 -0.92802
0.965517 -0.985058
1 -0.996036
