0 -0.992254
0.0344828 -0.991295
0.0689655 -0.943985
0.103448 -0.852534
0.137931 -0.72122
0.172414 -0.556183
0.206897 -0.365139
0.241379 -0.157022
0.275862 0.0584379
0.310345 0.271165
0.344828 0.471213
0.37931 0.649227
0.413793 0.796884
0.448276 0.90728
0.482759 0.975252
0.517241 0.997623
0.551724 0.973346
0.586207 0.903556
0.62069 0.791517
0.655172 0.642468
0.689655 0.463377
0.724138 0.26262
0.758621 0.0495825
0.793103 -0.165773
0.827586 -0.373378
0.862069 -0.563523
0.896552 -0.727319
0.931034 -0.857106
0.965517 -0.946816
1 -0.992254
