0 -0.721724
0.0344828 -0.556127
0.0689655 -0.364526
0.103448 -0.15588
0.137931 0.060055
0.172414 0.273182
0.206897 0.473535
0.241379 0.651746
0.275862 0.799482
0.310345 0.909835
0.344828 0.977645
0.37931 0.999742
0.413793 0.975092
0.448276 0.904848
0.482759 0.792294
0.517241 0.642693
0.551724 0.463041
0.586207 0.261737
0.62069 0.0481949
0.655172 -0.167601
0.689655 -0.37556
0.724138 -0.565958
0.758621 -0.729892
0.793103 -0.859698
0.827586 -0.949305
0.862069 -0.994524
0.896552 -0.99324
0.931034 -0.945513
0.965517 -0.853575
1 -0.721724
