0 -0.947252
0.0344828 -0.992353
0.0689655 -0.991053
0.103448 -0.943412
0.137931 -0.851658
0.172414 -0.720081
0.206897 -0.554835
0.241379 -0.363645
0.275862 -0.155451
0.310345 0.0600116
0.344828 0.272668
0.37931 0.472575
0.413793 0.650384
0.448276 0.797783
0.482759 0.907878
0.517241 0.975521
0.551724 0.997551
0.586207 0.972936
0.62069 0.902827
0.655172 0.790504
0.689655 0.641217
0.724138 0.461948
0.758621 0.261078
0.793103 0.048001
0.827586 -0.167321
0.862069 -0.374819
0.896552 -0.56479
0.931034 -0.728353
0.965517 -0.857859
1 -0.947252
