0 -0.765877
0.0344828 -0.885343
0.0689655 -0.963411
0.103448 -0.996431
0.137931 -0.982859
0.172414 -0.923329
0.206897 -0.820626
0.241379 -0.679551
0.275862 -0.506701
0.310345 -0.310158
0.344828 -0.0991129
0.37931 0.116567
0.413793 0.326796
0.448276 0.521745
0.482759 0.692297
0.517241 0.830479
0.551724 0.929828
0.586207 0.985699
0.62069 0.99548
0.655172 0.958714
0.689655 0.877119
0.724138 0.754511
0.758621 0.596623
0.793103 0.410838
0.827586 0.205842
0.862069 -0.00877841
0.896552 -0.222989
0.931034 -0.426772
0.965517 -0.6106
1 -0.765877
