0 -0.85861
0.0344828 -0.947686
0.0689655 -0.99245
0.103448 -0.990808
0.137931 -0.942837
0.172414 -0.850779
0.206897 -0.718941
0.241379 -0.553485
0.275862 -0.362149
0.310345 -0.15388
0.344828 0.0615849
0.37931 0.27417
0.413793 0.473935
0.448276 0.65154
0.482759 0.798679
0.517241 0.908473
0.551724 0.975788
0.586207 0.997476
0.62069 0.972523
0.655172 0.902096
0.689655 0.789488
0.724138 0.639965
0.758621 0.460517
0.793103 0.259536
0.827586 0.0464196
0.862069 -0.168867
0.896552 -0.376258
0.931034 -0.566056
0.965517 -0.729385
1 -0.85861
