0 -0.975387
0.0344828 -0.997587
0.0689655 -0.973141
0.103448 -0.903192
0.137931 -0.791011
0.172414 -0.641843
0.206897 -0.462663
0.241379 -0.261849
0.275862 -0.0487918
0.310345 0.166547
0.344828 0.374098
0.37931 0.564157
0.413793 0.727836
0.448276 0.857483
0.482759 0.947035
0.517241 0.992304
0.551724 0.991174
0.586207 0.943699
0.62069 0.852096
0.655172 0.720651
0.689655 0.555509
0.724138 0.364392
0.758621 0.156236
0.793103 -0.0592248
0.827586 -0.271917
0.862069 -0.471894
0.896552 -0.649806
0.931034 -0.797334
0.965517 -0.907579
1 -0.975387
