0 -0.962711
0.0344828 -0.99641
0.0689655 -0.983518
0.103448 -0.924639
0.137931 -0.822523
0.172414 -0.681948
0.206897 -0.509486
0.241379 -0.3132
0.275862 -0.10227
0.310345 0.113442
0.344828 0.32385
0.37931 0.519115
0.413793 0.690107
0.448276 0.82883
0.482759 0.928798
0.517241 0.985337
0.551724 0.995802
0.586207 0.959704
0.62069 0.878732
0.655172 0.756671
0.689655 0.59923
0.724138 0.413769
0.758621 0.20896
0.793103 -0.00561916
0.827586 -0.219936
0.862069 -0.423968
0.896552 -0.608176
0.931034 -0.763947
0.965517 -0.883996
1 -0.962711
