0 -0.799127
0.0344828 -0.90877
0.0689655 -0.97592
0.103448 -0.997438
0.137931 -0.972316
0.172414 -0.90173
0.206897 -0.78898
0.241379 -0.639338
0.275862 -0.459801
0.310345 -0.258765
0.344828 -0.0456289
0.37931 0.169641
0.413793 0.376978
0.448276 0.566688
0.482759 0.729901
0.517241 0.858984
0.551724 0.947902
0.586207 0.992497
0.62069 0.990684
0.655172 0.942548
0.689655 0.85034
0.724138 0.71837
0.758621 0.55281
0.793103 0.361402
0.827586 0.153094
0.862069 -0.0623715
0.896552 -0.274921
0.931034 -0.474615
0.965517 -0.652117
1 -0.799127
