0 -0.908176
0.0344828 -0.975655
0.0689655 -0.997514
0.103448 -0.97273
0.137931 -0.902462
0.172414 -0.789996
0.206897 -0.640591
0.241379 -0.461232
0.275862 -0.260307
0.310345 -0.0472103
0.344828 0.168094
0.37931 0.375539
0.413793 0.565423
0.448276 0.72887
0.482759 0.858235
0.517241 0.94747
0.551724 0.992402
0.586207 0.990931
0.62069 0.943124
0.655172 0.851219
0.689655 0.719511
0.724138 0.55416
0.758621 0.362897
0.793103 0.154665
0.827586 -0.0607983
0.862069 -0.273419
0.896552 -0.473255
0.931034 -0.650962
0.965517 -0.798231
1 -0.908176
