0 -0.929057
0.0344828 -0.985428
0.0689655 -0.995722
0.103448 -0.959458
0.137931 -0.87833
0.172414 -0.756132
0.206897 -0.598579
0.241379 -0.413036
0.275862 -0.208181
0.310345 0.00640905
0.344828 0.220699
0.37931 0.42467
0.413793 0.608783
0.448276 0.76443
0.482759 0.884334
0.517241 0.962887
0.551724 0.996416
0.586207 0.983354
0.62069 0.924312
0.655172 0.82205
0.689655 0.681349
0.724138 0.50879
0.758621 0.31244
0.793103 0.101481
0.827586 -0.114224
0.862069 -0.324587
0.896552 -0.519773
0.931034 -0.690655
0.965517 -0.829243
1 -0.929057
