0 -0.884671
0.0344828 -0.963062
0.0689655 -0.996422
0.103448 -0.98319
0.137931 -0.923985
0.172414 -0.821576
0.206897 -0.68075
0.241379 -0.508094
0.275862 -0.31168
0.310345 -0.100691
0.344828 0.115005
0.37931 0.325324
0.413793 0.520431
0.448276 0.691203
0.482759 0.829656
0.517241 0.929314
0.551724 0.985519
0.586207 0.995642
0.62069 0.95921
0.655172 0.877927
0.689655 0.755592
0.724138 0.597927
0.758621 0.412304
0.793103 0.207401
0.827586 -0.0071989
0.862069 -0.221463
0.896552 -0.425371
0.931034 -0.609389
0.965517 -0.764913
1 -0.884671
