0 -0.830067
0.0344828 -0.929571
0.0689655 -0.985609
0.103448 -0.995562
0.137931 -0.958962
0.172414 -0.877523
0.206897 -0.755052
0.241379 -0.597276
0.275862 -0.411571
0.310345 -0.206622
0.344828 0.00798868
0.37931 0.222226
0.413793 0.426072
0.448276 0.609995
0.482759 0.765396
0.517241 0.885007
0.551724 0.963237
0.586207 0.996427
0.62069 0.983025
0.655172 0.923657
0.689655 0.821101
0.724138 0.680151
0.758621 0.507398
0.793103 0.310919
0.827586 0.0999022
0.862069 -0.115786
0.896552 -0.32606
0.931034 -0.521088
0.965517 -0.69175
1 -0.830067
