0 -0.61181
0.0344828 -0.76684
0.0689655 -0.886013
0.103448 -0.963757
0.137931 -0.996437
0.172414 -0.982525
0.206897 -0.922671
0.241379 -0.819674
0.275862 -0.67835
0.310345 -0.505307
0.344828 -0.308636
0.37931 -0.0975344
0.413793 0.118128
0.448276 0.328267
0.482759 0.523057
0.517241 0.693389
0.551724 0.831299
0.586207 0.930339
0.62069 0.985877
0.655172 0.995316
0.689655 0.958215
0.724138 0.87631
0.758621 0.753429
0.793103 0.595318
0.827586 0.409372
0.862069 0.204283
0.896552 -0.0103577
0.931034 -0.224514
0.965517 -0.428172
1 -0.61181
