0 -0.757851
0.0344828 -0.599964
0.0689655 -0.414024
0.103448 -0.208725
0.137931 0.00633457
0.172414 0.221098
0.206897 0.425522
0.241379 0.61005
0.275862 0.766052
0.310345 0.886235
0.344828 0.964978
0.37931 0.998601
0.413793 0.985529
0.448276 0.926375
0.482759 0.823905
0.517241 0.682911
0.551724 0.509984
0.586207 0.31321
0.62069 0.101792
0.655172 -0.114387
0.689655 -0.325216
0.724138 -0.520839
0.758621 -0.692108
0.793103 -0.831015
0.827586 -0.931065
0.862069 -0.987579
0.896552 -0.997915
0.931034 -0.961589
0.965517 -0.880301
1 -0.757851
