0 -0.692844
0.0344828 -0.830889
0.0689655 -0.930084
0.103448 -0.985788
0.137931 -0.995398
0.172414 -0.958465
0.206897 -0.876715
0.241379 -0.75397
0.275862 -0.595971
0.310345 -0.410105
0.344828 -0.205063
0.37931 0.00956809
0.413793 0.223751
0.448276 0.427472
0.482759 0.611205
0.517241 0.766359
0.551724 0.885678
0.586207 0.963584
0.62069 0.996434
0.655172 0.982692
0.689655 0.923001
0.724138 0.82015
0.758621 0.678951
0.793103 0.506004
0.827586 0.309397
0.862069 0.0983237
0.896552 -0.117348
0.931034 -0.327532
0.965517 -0.522401
1 -0.692844
