0 -0.330473
0.0344828 -0.525023
0.0689655 -0.695024
0.103448 -0.832527
0.137931 -0.931101
0.172414 -0.986138
0.206897 -0.995065
0.241379 -0.957463
0.275862 -0.875091
0.310345 -0.751802
0.344828 -0.593358
0.37931 -0.40717
0.413793 -0.201943
0.448276 0.0127262
0.482759 0.226801
0.517241 0.43027
0.551724 0.613621
0.586207 0.768279
0.62069 0.887014
0.655172 0.964272
0.689655 0.996443
0.724138 0.98202
0.758621 0.92168
0.793103 0.818243
0.827586 0.676546
0.862069 0.503214
0.896552 0.306353
0.931034 0.0951664
0.965517 -0.12047
1 -0.330473
