0 -0.730416
0.0344828 -0.859358
0.0689655 -0.948117
0.103448 -0.992544
0.137931 -0.99056
0.172414 -0.942259
0.206897 -0.849899
0.241379 -0.717799
0.275862 -0.552135
0.310345 -0.360654
0.344828 -0.152309
0.37931 0.0631579
0.413793 0.275671
0.448276 0.475295
0.482759 0.652694
0.517241 0.799574
0.551724 0.909066
0.586207 0.976052
0.62069 0.997399
0.655172 0.972108
0.689655 0.901363
0.724138 0.788471
0.758621 0.638711
0.793103 0.459085
0.827586 0.257994
0.862069 0.0448383
0.896552 -0.170414
0.931034 -0.377697
0.965517 -0.56732
1 -0.730416
