0 -0.65327
0.0344828 -0.80002
0.0689655 -0.909362
0.103448 -0.976183
0.137931 -0.997359
0.172414 -0.9719
0.206897 -0.900996
0.241379 -0.787962
0.275862 -0.638083
0.310345 -0.458369
0.344828 -0.257222
0.37931 -0.0440477
0.413793 0.171186
0.448276 0.378416
0.482759 0.567951
0.517241 0.73093
0.551724 0.859731
0.586207 0.948332
0.62069 0.99259
0.655172 0.990436
0.689655 0.94197
0.724138 0.849458
0.758621 0.717227
0.793103 0.551459
0.827586 0.359905
0.862069 0.151523
0.896552 -0.0639442
0.931034 -0.276422
0.965517 -0.475974
1 -0.65327
