0 -0.477331
0.0344828 -0.654421
0.0689655 -0.800911
0.103448 -0.909952
0.137931 -0.976444
0.172414 -0.997278
0.206897 -0.971481
0.241379 -0.900259
0.275862 -0.786942
0.310345 -0.636827
0.344828 -0.456936
0.37931 -0.255679
0.413793 -0.0424665
0.448276 0.172732
0.482759 0.379853
0.517241 0.569213
0.551724 0.731957
0.586207 0.860476
0.62069 0.948759
0.655172 0.99268
0.689655 0.990184
0.724138 0.941389
0.758621 0.848575
0.793103 0.716082
0.827586 0.550107
0.862069 0.358409
0.896552 0.149952
0.931034 -0.0655167
0.965517 -0.277922
1 -0.477331
