0 -0.380571
0.0344828 -0.569843
0.0689655 -0.73247
0.103448 -0.860847
0.137931 -0.948972
0.172414 -0.992724
0.206897 -0.990058
0.241379 -0.941097
0.275862 -0.848132
0.310345 -0.715509
0.344828 -0.54943
0.37931 -0.35766
0.413793 -0.149166
0.448276 0.0663027
0.482759 0.278671
0.517241 0.478009
0.551724 0.654996
0.586207 0.801356
0.62069 0.910246
0.655172 0.976573
0.689655 0.997237
0.724138 0.971271
0.758621 0.89989
0.793103 0.786431
0.827586 0.636199
0.862069 0.456219
0.896552 0.254907
0.931034 0.0416759
0.965517 -0.173504
1 -0.380571
