0 -0.523713
0.0344828 -0.693935
0.0689655 -0.831709
0.103448 -0.930593
0.137931 -0.985964
0.172414 -0.995233
0.206897 -0.957965
0.241379 -0.875904
0.275862 -0.752887
0.310345 -0.594665
0.344828 -0.408638
0.37931 -0.203503
0.413793 0.0111473
0.448276 0.225276
0.482759 0.428872
0.517241 0.612414
0.551724 0.76732
0.586207 0.886347
0.62069 0.96393
0.655172 0.99644
0.689655 0.982358
0.724138 0.922341
0.758621 0.819198
0.793103 0.677749
0.827586 0.50461
0.862069 0.307875
0.896552 0.0967451
0.931034 -0.118909
0.965517 -0.329003
1 -0.523713
