0 -0.429571
0.0344828 -0.613017
0.0689655 -0.7678
0.103448 -0.886681
0.137931 -0.964101
0.172414 -0.996441
0.206897 -0.982189
0.241379 -0.922011
0.275862 -0.818721
0.310345 -0.677148
0.344828 -0.503912
0.37931 -0.307114
0.413793 -0.0959557
0.448276 0.119689
0.482759 0.329738
0.517241 0.524368
0.551724 0.69448
0.586207 0.832118
0.62069 0.930848
0.655172 0.986052
0.689655 0.995149
0.724138 0.957714
0.758621 0.875498
0.793103 0.752344
0.827586 0.594012
0.862069 0.407904
0.896552 0.202723
0.931034 -0.0119368
0.965517 -0.226039
1 -0.429571
