0 -0.568582
0.0344828 -0.731444
0.0689655 -0.860104
0.103448 -0.948546
0.137931 -0.992635
0.172414 -0.99031
0.206897 -0.941679
0.241379 -0.849017
0.275862 -0.716655
0.310345 -0.550783
0.344828 -0.359157
0.37931 -0.150737
0.413793 0.0647305
0.448276 0.277172
0.482759 0.476653
0.517241 0.653846
0.551724 0.800466
0.586207 0.909657
0.62069 0.976314
0.655172 0.997319
0.689655 0.971691
0.724138 0.900628
0.758621 0.787452
0.793103 0.637456
0.827586 0.457653
0.862069 0.256451
0.896552 0.043257
0.931034 -0.171959
0.965517 -0.379135
1 -0.568582
