0 0.092009
0.0344828 -0.12359
0.0689655 -0.333409
0.103448 -0.527639
0.137931 -0.697197
0.172414 -0.834155
0.206897 -0.932109
0.241379 -0.986478
0.275862 -0.994721
0.310345 -0.956452
0.344828 -0.87346
0.37931 -0.749626
0.413793 -0.59074
0.448276 -0.404232
0.482759 -0.198823
0.517241 0.0158834
0.551724 0.229847
0.586207 0.433063
0.62069 0.616029
0.655172 0.770191
0.689655 0.888339
0.724138 0.96495
0.758621 0.996441
0.793103 0.981339
0.827586 0.920351
0.862069 0.816328
0.896552 0.674135
0.931034 0.50042
0.965517 0.303305
1 0.092009
