0 -0.279421
0.0344828 -0.478687
0.0689655 -0.655571
0.103448 -0.8018
0.137931 -0.910539
0.172414 -0.976702
0.206897 -0.997195
0.241379 -0.971061
0.275862 -0.89952
0.310345 -0.78592
0.344828 -0.63557
0.37931 -0.455502
0.413793 -0.254135
0.448276 -0.0408854
0.482759 0.174276
0.517241 0.381289
0.551724 0.570473
0.586207 0.732982
0.62069 0.861218
0.655172 0.949185
0.689655 0.992768
0.724138 0.989931
0.758621 0.940805
0.793103 0.847689
0.827586 0.714936
0.862069 0.548753
0.896552 0.356911
0.931034 0.14838
0.965517 -0.0670887
1 -0.279421
