0 -0.175048
0.0344828 -0.382006
0.0689655 -0.571102
0.103448 -0.733494
0.137931 -0.861589
0.172414 -0.949396
0.206897 -0.992811
0.241379 -0.989803
0.275862 -0.940513
0.310345 -0.847246
0.344828 -0.714362
0.37931 -0.548076
0.413793 -0.356162
0.448276 -0.147594
0.482759 0.0678746
0.517241 0.28017
0.551724 0.479364
0.586207 0.656145
0.62069 0.802244
0.655172 0.910832
0.689655 0.97683
0.724138 0.997152
0.758621 0.970849
0.793103 0.89915
0.827586 0.785408
0.862069 0.634941
0.896552 0.454785
0.931034 0.253363
0.965517 0.0400949
1 -0.175048
