0 -0.791785
0.0344828 -0.642066
0.0689655 -0.462324
0.103448 -0.260964
0.137931 -0.0474025
0.172414 0.168376
0.206897 0.376281
0.241379 0.566592
0.275862 0.73041
0.310345 0.860074
0.344828 0.949523
0.37931 0.994573
0.413793 0.993117
0.448276 0.945225
0.482759 0.853135
0.517241 0.721153
0.551724 0.555451
0.586207 0.363777
0.62069 0.155093
0.655172 -0.0608434
0.689655 -0.273934
0.724138 -0.474217
0.758621 -0.652325
0.793103 -0.799931
0.827586 -0.910134
0.862069 -0.977779
0.896552 -0.999705
0.931034 -0.974886
0.965517 -0.904482
1 -0.791785
