0 -0.227563
0.0344828 -0.430969
0.0689655 -0.614224
0.103448 -0.768758
0.137931 -0.887346
0.172414 -0.964443
0.206897 -0.996443
0.241379 -0.981851
0.275862 -0.921349
0.310345 -0.817765
0.344828 -0.675944
0.37931 -0.502516
0.413793 -0.305591
0.448276 -0.0943771
0.482759 0.12125
0.517241 0.331207
0.551724 0.525678
0.586207 0.695568
0.62069 0.832935
0.655172 0.931354
0.689655 0.986224
0.724138 0.99498
0.758621 0.957211
0.793103 0.874684
0.827586 0.751258
0.862069 0.592704
0.896552 0.406436
0.931034 0.201163
0.965517 -0.0135156
1 -0.227563
