0 -0.0150942
0.0344828 -0.229086
0.0689655 -0.432365
0.103448 -0.615428
0.137931 -0.769714
0.172414 -0.888009
0.206897 -0.964782
0.241379 -0.996442
0.275862 -0.98151
0.310345 -0.920684
0.344828 -0.816807
0.37931 -0.674738
0.413793 -0.501119
0.448276 -0.304067
0.482759 -0.0927984
0.517241 0.12281
0.551724 0.332676
0.586207 0.526986
0.62069 0.696655
0.655172 0.833749
0.689655 0.931858
0.724138 0.986394
0.758621 0.994808
0.793103 0.956705
0.827586 0.873868
0.862069 0.75017
0.896552 0.591395
0.931034 0.404967
0.965517 0.199603
1 -0.0150942
