0 -0.0686604
0.0344828 -0.280919
0.0689655 -0.480042
0.103448 -0.656718
0.137931 -0.802687
0.172414 -0.911124
0.206897 -0.976957
0.241379 -0.997109
0.275862 -0.970637
0.310345 -0.89878
0.344828 -0.784896
0.37931 -0.634311
0.413793 -0.454067
0.448276 -0.252591
0.482759 -0.0393044
0.517241 0.17582
0.551724 0.382724
0.586207 0.571731
0.62069 0.734006
0.655172 0.861959
0.689655 0.949607
0.724138 0.992853
0.758621 0.989675
0.793103 0.94022
0.827586 0.846802
0.862069 0.713788
0.896552 0.547398
0.931034 0.355413
0.965517 0.146808
1 -0.0686604
