0 0.0385139
0.0344828 -0.176592
0.0689655 -0.383441
0.103448 -0.57236
0.137931 -0.734517
0.172414 -0.862328
0.206897 -0.949818
0.241379 -0.992895
0.275862 -0.989546
0.310345 -0.939926
0.344828 -0.846357
0.37931 -0.713213
0.413793 -0.54672
0.448276 -0.354663
0.482759 -0.146022
0.517241 0.0694461
0.551724 0.281667
0.586207 0.480718
0.62069 0.657291
0.655172 0.80313
0.689655 0.911415
0.724138 0.977084
0.758621 0.997065
0.793103 0.970425
0.827586 0.898408
0.862069 0.784383
0.896552 0.633681
0.931034 0.453349
0.965517 0.251819
1 0.0385139
