0 0.198042
0.0344828 -0.0166726
0.0689655 -0.230608
0.103448 -0.43376
0.137931 -0.616631
0.172414 -0.770668
0.206897 -0.88867
0.241379 -0.965118
0.275862 -0.996439
0.310345 -0.981167
0.344828 -0.920017
0.37931 -0.815848
0.413793 -0.673531
0.448276 -0.49972
0.482759 -0.302543
0.517241 -0.0912196
0.551724 0.124369
0.586207 0.334143
0.62069 0.528292
0.655172 0.697739
0.689655 0.834561
0.724138 0.932359
0.758621 0.986562
0.793103 0.994633
0.827586 0.956197
0.862069 0.87305
0.896552 0.749081
0.931034 0.590085
0.965517 0.403497
1 0.198042
