0 -0.12203
0.0344828 -0.331942
0.0689655 -0.526332
0.103448 -0.696112
0.137931 -0.833342
0.172414 -0.931606
0.206897 -0.986309
0.241379 -0.994894
0.275862 -0.956958
0.310345 -0.874277
0.344828 -0.750714
0.37931 -0.59205
0.413793 -0.405702
0.448276 -0.200383
0.482759 0.0143049
0.517241 0.228324
0.551724 0.431667
0.586207 0.614826
0.62069 0.769236
0.655172 0.887678
0.689655 0.964612
0.724138 0.996443
0.758621 0.981681
0.793103 0.921017
0.827586 0.817286
0.862069 0.675341
0.896552 0.501817
0.931034 0.304829
0.965517 0.0935877
1 -0.12203
