0 0.145236
0.0344828 -0.0702317
0.0689655 -0.282416
0.103448 -0.481395
0.137931 -0.657864
0.172414 -0.803572
0.206897 -0.911706
0.241379 -0.97721
0.275862 -0.997021
0.310345 -0.970212
0.344828 -0.898037
0.37931 -0.78387
0.413793 -0.633051
0.448276 -0.452631
0.482759 -0.251047
0.517241 -0.0377235
0.551724 0.177364
0.586207 0.384157
0.62069 0.572988
0.655172 0.735027
0.689655 0.862697
0.724138 0.950027
0.758621 0.992936
0.793103 0.989416
0.827586 0.939632
0.862069 0.845912
0.896552 0.712638
0.931034 0.546042
0.965517 0.353914
1 0.145236
