0 0.402026
0.0344828 0.196481
0.0689655 -0.0182507
0.103448 -0.232129
0.137931 -0.435154
0.172414 -0.617831
0.206897 -0.77162
0.241379 -0.889328
0.275862 -0.965452
0.310345 -0.996433
0.344828 -0.980821
0.37931 -0.919348
0.413793 -0.814887
0.448276 -0.672322
0.482759 -0.498321
0.517241 -0.301019
0.551724 -0.0896409
0.586207 0.125928
0.62069 0.335609
0.655172 0.529597
0.689655 0.698822
0.724138 0.835371
0.758621 0.932858
0.793103 0.986727
0.827586 0.994457
0.862069 0.955687
0.896552 0.87223
0.931034 0.747989
0.965517 0.588773
1 0.402026
