0 0.629894
0.0344828 0.449037
0.0689655 0.247183
0.103448 0.0337718
0.137931 -0.181219
0.172414 -0.387736
0.206897 -0.576123
0.241379 -0.737571
0.275862 -0.864532
0.310345 -0.951067
0.344828 -0.993132
0.37931 -0.988759
0.413793 -0.938153
0.448276 -0.84368
0.482759 -0.709757
0.517241 -0.542647
0.551724 -0.350163
0.586207 -0.141306
0.62069 0.0741584
0.655172 0.286155
0.689655 0.484772
0.724138 0.660721
0.758621 0.805775
0.793103 0.913152
0.827586 0.977832
0.862069 0.996789
0.896552 0.969137
0.931034 0.89617
0.965517 0.781298
1 0.629894
