0 0.670506
0.0344828 0.49622
0.0689655 0.29873
0.103448 0.0872727
0.137931 -0.128266
0.172414 -0.337807
0.206897 -0.531552
0.241379 -0.700443
0.275862 -0.836581
0.310345 -0.933603
0.344828 -0.986969
0.37931 -0.994187
0.413793 -0.954917
0.448276 -0.870996
0.482759 -0.746349
0.517241 -0.586803
0.551724 -0.399819
0.586207 -0.19414
0.62069 0.0206174
0.655172 0.23441
0.689655 0.437242
0.724138 0.61963
0.758621 0.773044
0.793103 0.890311
0.827586 0.965948
0.862069 0.996419
0.896552 0.980298
0.931034 0.91834
0.965517 0.813441
1 0.670506
