0 0.250274
0.0344828 0.0369331
0.0689655 -0.178135
0.103448 -0.384874
0.137931 -0.573616
0.172414 -0.735537
0.206897 -0.863065
0.241379 -0.950237
0.275862 -0.992977
0.310345 -0.989286
0.344828 -0.939338
0.37931 -0.845467
0.413793 -0.712063
0.448276 -0.545364
0.482759 -0.353164
0.517241 -0.14445
0.551724 0.0710172
0.586207 0.283164
0.62069 0.482071
0.655172 0.658436
0.689655 0.804014
0.724138 0.911997
0.758621 0.977336
0.793103 0.996976
0.827586 0.969998
0.862069 0.897664
0.896552 0.783357
0.931034 0.63242
0.965517 0.451913
1 0.250274
