0 0.450475
0.0344828 0.248729
0.0689655 0.0353524
0.103448 -0.179677
0.137931 -0.386306
0.172414 -0.57487
0.206897 -0.736555
0.241379 -0.863799
0.275862 -0.950653
0.310345 -0.993056
0.344828 -0.989024
0.37931 -0.938746
0.413793 -0.844574
0.448276 -0.710911
0.482759 -0.544006
0.517241 -0.351664
0.551724 -0.142878
0.586207 0.072588
0.62069 0.28466
0.655172 0.483422
0.689655 0.659579
0.724138 0.804896
0.758621 0.912576
0.793103 0.977585
0.827586 0.996883
0.862069 0.969569
0.896552 0.896918
0.931034 0.782328
0.965517 0.631158
1 0.450475
