0 0.301781
0.0344828 0.0904303
0.0689655 -0.125149
0.103448 -0.334876
0.137931 -0.528945
0.172414 -0.698281
0.206897 -0.834966
0.241379 -0.932609
0.275862 -0.986644
0.310345 -0.994545
0.344828 -0.955942
0.37931 -0.872641
0.413793 -0.748535
0.448276 -0.589429
0.482759 -0.402762
0.517241 -0.197262
0.551724 0.0174616
0.586207 0.231369
0.62069 0.434457
0.655172 0.617231
0.689655 0.771144
0.724138 0.888999
0.758621 0.965285
0.793103 0.996436
0.827586 0.980994
0.862069 0.919683
0.896552 0.815368
0.931034 0.672927
0.965517 0.499021
1 0.301781
