0 -0.82343
0.0344828 -0.68231
0.0689655 -0.509286
0.103448 -0.312448
0.137931 -0.101001
0.172414 0.115169
0.206897 0.325955
0.241379 0.521498
0.275862 0.692657
0.310345 0.831429
0.344828 0.931323
0.37931 0.98767
0.413793 0.997834
0.448276 0.961341
0.482759 0.879897
0.517241 0.75731
0.551724 0.599311
0.586207 0.41329
0.62069 0.207943
0.655172 -0.00712615
0.689655 -0.221863
0.724138 -0.426225
0.758621 -0.610658
0.793103 -0.766536
0.827586 -0.886573
0.862069 -0.965154
0.896552 -0.998606
0.931034 -0.985364
0.965517 -0.926048
1 -0.82343
