0 0.352414
0.0344828 0.143664
0.0689655 -0.0718027
0.103448 -0.283912
0.137931 -0.482746
0.172414 -0.659008
0.206897 -0.804455
0.241379 -0.912287
0.275862 -0.977461
0.310345 -0.99693
0.344828 -0.969784
0.37931 -0.897291
0.413793 -0.782843
0.448276 -0.631789
0.482759 -0.451194
0.517241 -0.249502
0.551724 -0.0361427
0.586207 0.178906
0.62069 0.38559
0.655172 0.574243
0.689655 0.736046
0.724138 0.863432
0.758621 0.950445
0.793103 0.993016
0.827586 0.989155
0.862069 0.939042
0.896552 0.845021
0.931034 0.711487
0.965517 0.544685
1 0.352414
