0 0.543326
0.0344828 0.350913
0.0689655 0.142092
0.103448 -0.0733732
0.137931 -0.285408
0.172414 -0.484097
0.206897 -0.66015
0.241379 -0.805336
0.275862 -0.912864
0.310345 -0.977709
0.344828 -0.996836
0.37931 -0.969353
0.413793 -0.896544
0.448276 -0.781814
0.482759 -0.630526
0.517241 -0.449756
0.551724 -0.247956
0.586207 -0.034562
0.62069 0.180448
0.655172 0.387021
0.689655 0.575497
0.724138 0.737064
0.758621 0.864166
0.793103 0.950861
0.827586 0.993094
0.862069 0.988892
0.896552 0.93845
0.931034 0.844127
0.965517 0.710334
1 0.543326
