0 0.58746
0.0344828 0.400555
0.0689655 0.19492
0.103448 -0.0198285
0.137931 -0.23365
0.172414 -0.436547
0.206897 -0.619031
0.241379 -0.77257
0.275862 -0.889984
0.310345 -0.965784
0.344828 -0.996424
0.37931 -0.980473
0.413793 -0.918676
0.448276 -0.813923
0.482759 -0.671112
0.517241 -0.49692
0.551724 -0.299493
0.586207 -0.0880621
0.62069 0.127487
0.655172 0.337074
0.689655 0.530901
0.724138 0.699903
0.758621 0.836178
0.793103 0.933355
0.827586 0.986889
0.862069 0.994277
0.896552 0.955174
0.931034 0.871408
0.965517 0.746896
1 0.58746
