0 0.497621
0.0344828 0.300256
0.0689655 0.0888515
0.103448 -0.126708
0.137931 -0.336342
0.172414 -0.530249
0.206897 -0.699363
0.241379 -0.835775
0.275862 -0.933107
0.310345 -0.986808
0.344828 -0.994367
0.37931 -0.955431
0.413793 -0.871819
0.448276 -0.747443
0.482759 -0.588117
0.517241 -0.401291
0.551724 -0.195701
0.586207 0.0190396
0.62069 0.23289
0.655172 0.435851
0.689655 0.618431
0.724138 0.772095
0.758621 0.889656
0.793103 0.965618
0.827586 0.996429
0.862069 0.980648
0.896552 0.919012
0.931034 0.814405
0.965517 0.671717
1 0.497621
