0 0.745801
0.0344828 0.586146
0.0689655 0.399083
0.103448 0.193359
0.137931 -0.0214061
0.172414 -0.23517
0.206897 -0.437938
0.241379 -0.620228
0.275862 -0.773517
0.310345 -0.890638
0.344828 -0.966113
0.37931 -0.996413
0.413793 -0.980123
0.448276 -0.918003
0.482759 -0.812958
0.517241 -0.6699
0.551724 -0.495519
0.586207 -0.297967
0.62069 -0.0864833
0.655172 0.129045
0.689655 0.338539
0.724138 0.532203
0.758621 0.700982
0.793103 0.836984
0.827586 0.933849
0.862069 0.987049
0.896552 0.994096
0.931034 0.954659
0.965517 0.870584
1 0.745801
