0 0.780266
0.0344828 0.628629
0.0689655 0.447598
0.103448 0.245637
0.137931 0.0321913
0.172414 -0.18276
0.206897 -0.389166
0.241379 -0.577375
0.275862 -0.738586
0.310345 -0.865262
0.344828 -0.951479
0.37931 -0.993206
0.413793 -0.988492
0.448276 -0.937557
0.482759 -0.842783
0.517241 -0.708601
0.551724 -0.541286
0.586207 -0.348661
0.62069 -0.139733
0.655172 0.0757283
0.689655 0.287649
0.724138 0.48612
0.758621 0.66186
0.793103 0.806652
0.827586 0.913727
0.862069 0.978076
0.896552 0.996692
0.931034 0.968703
0.965517 0.895419
1 0.780266
