0 0.869758
0.0344828 0.744705
0.0689655 0.58483
0.103448 0.397609
0.137931 0.191797
0.172414 -0.0229835
0.206897 -0.236689
0.241379 -0.439328
0.275862 -0.621424
0.310345 -0.774463
0.344828 -0.891289
0.37931 -0.966439
0.413793 -0.9964
0.448276 -0.97977
0.482759 -0.917327
0.517241 -0.811991
0.551724 -0.668687
0.586207 -0.494116
0.62069 -0.296441
0.655172 -0.0849045
0.689655 0.130602
0.724138 0.340002
0.758621 0.533503
0.793103 0.702059
0.827586 0.837787
0.862069 0.934341
0.896552 0.987207
0.931034 0.993911
0.965517 0.954142
1 0.869758
