0 0.936659
0.0344828 0.841435
0.0689655 0.706865
0.103448 0.539244
0.137931 0.346408
0.172414 0.137374
0.206897 -0.0780826
0.241379 -0.289889
0.275862 -0.48814
0.310345 -0.663566
0.344828 -0.807964
0.37931 -0.914584
0.413793 -0.978438
0.448276 -0.996541
0.482759 -0.968048
0.517241 -0.894289
0.551724 -0.778715
0.586207 -0.626728
0.62069 -0.445437
0.655172 -0.243318
0.689655 -0.0298208
0.724138 0.18507
0.758621 0.391308
0.793103 0.579248
0.827586 0.740104
0.862069 0.866353
0.896552 0.952092
0.931034 0.993312
0.965517 0.988087
1 0.936659
