0 -0.852694
0.0344828 -0.720581
0.0689655 -0.554775
0.103448 -0.363027
0.137931 -0.154305
0.172414 0.0616318
0.206897 0.274687
0.241379 0.474898
0.275862 0.652904
0.310345 0.80038
0.344828 0.910432
0.37931 0.977913
0.413793 0.999667
0.448276 0.974679
0.482759 0.904115
0.517241 0.791276
0.551724 0.641438
0.586207 0.461607
0.62069 0.260192
0.655172 0.04661
0.689655 -0.169151
0.724138 -0.377003
0.758621 -0.567226
0.793103 -0.730927
0.827586 -0.86045
0.862069 -0.94974
0.896552 -0.994621
0.931034 -0.992994
0.965517 -0.944936
1 -0.852694
