0 0.953622
0.0344828 0.868929
0.0689655 0.743606
0.103448 0.583513
0.137931 0.396135
0.172414 0.190235
0.206897 -0.0245606
0.241379 -0.238208
0.275862 -0.440717
0.310345 -0.622618
0.344828 -0.775407
0.37931 -0.891938
0.413793 -0.966763
0.448276 -0.996384
0.482759 -0.979415
0.517241 -0.916649
0.551724 -0.811022
0.586207 -0.667472
0.62069 -0.492713
0.655172 -0.294914
0.689655 -0.0833257
0.724138 0.132159
0.758621 0.341464
0.793103 0.534802
0.827586 0.703134
0.862069 0.838588
0.896552 0.934831
0.931034 0.987362
0.965517 0.993725
1 0.953622
