0 0.842334
0.0344828 0.708023
0.0689655 0.540606
0.103448 0.34791
0.137931 0.138947
0.172414 -0.0765132
0.206897 -0.288396
0.241379 -0.486793
0.275862 -0.662429
0.310345 -0.80709
0.344828 -0.914013
0.37931 -0.978197
0.413793 -0.996642
0.448276 -0.968485
0.482759 -0.895043
0.517241 -0.77975
0.551724 -0.627996
0.586207 -0.446878
0.62069 -0.244864
0.655172 -0.0314011
0.689655 0.18353
0.724138 0.38988
0.758621 0.578
0.793103 0.739092
0.827586 0.865626
0.862069 0.951684
0.896552 0.993242
0.931034 0.988357
0.965517 0.937258
1 0.842334
