0 0.916988
0.0344828 0.811507
0.0689655 0.66808
0.103448 0.493415
0.137931 0.295678
0.172414 0.0841151
0.206897 -0.131381
0.241379 -0.340733
0.275862 -0.534153
0.310345 -0.702597
0.344828 -0.838188
0.37931 -0.934586
0.413793 -0.987284
0.448276 -0.993818
0.482759 -0.953882
0.517241 -0.869344
0.551724 -0.744156
0.586207 -0.584172
0.62069 -0.396873
0.655172 -0.191016
0.689655 0.0237721
0.724138 0.237449
0.758621 0.440022
0.793103 0.622021
0.827586 0.774935
0.862069 0.891614
0.896552 0.966602
0.931034 0.996392
0.965517 0.979593
1 0.916988
