0 0.812475
0.0344828 0.669294
0.0689655 0.494818
0.103448 0.297204
0.137931 0.0856939
0.172414 -0.129823
0.206897 -0.33927
0.241379 -0.532853
0.275862 -0.701521
0.310345 -0.837386
0.344828 -0.934096
0.37931 -0.987128
0.413793 -0.994004
0.448276 -0.954401
0.482759 -0.870171
0.517241 -0.745253
0.551724 -0.585488
0.586207 -0.398346
0.62069 -0.192578
0.655172 0.0221949
0.689655 0.23593
0.724138 0.438633
0.758621 0.620826
0.793103 0.77399
0.827586 0.890964
0.862069 0.966276
0.896552 0.996407
0.931034 0.979947
0.965517 0.917665
1 0.812475
