0 0.709179
0.0344828 0.541967
0.0689655 0.349412
0.103448 0.14052
0.137931 -0.0749434
0.172414 -0.286902
0.206897 -0.485446
0.241379 -0.661291
0.275862 -0.806214
0.310345 -0.91344
0.344828 -0.977954
0.37931 -0.996741
0.413793 -0.96892
0.448276 -0.895795
0.482759 -0.780782
0.517241 -0.629262
0.551724 -0.448318
0.586207 -0.24641
0.62069 -0.0329815
0.655172 0.18199
0.689655 0.388451
0.724138 0.576749
0.758621 0.738079
0.793103 0.864897
0.827586 0.951273
0.862069 0.993169
0.896552 0.988626
0.931034 0.937855
0.965517 0.843232
1 0.709179
