0 0.894666
0.0344828 0.779232
0.0689655 0.627362
0.103448 0.446158
0.137931 0.244091
0.172414 0.0306109
0.206897 -0.1843
0.241379 -0.390594
0.275862 -0.578624
0.310345 -0.739598
0.344828 -0.86599
0.37931 -0.951888
0.413793 -0.993278
0.448276 -0.988222
0.482759 -0.936959
0.517241 -0.841885
0.551724 -0.707444
0.586207 -0.539925
0.62069 -0.347159
0.655172 -0.138161
0.689655 0.0772979
0.724138 0.289142
0.758621 0.487467
0.793103 0.662998
0.827586 0.807528
0.862069 0.914299
0.896552 0.978318
0.931034 0.996592
0.965517 0.968267
1 0.894666
