0 -0.107328
0.0344828 0.108903
0.0689655 0.320042
0.103448 0.516216
0.137931 0.688252
0.172414 0.828107
0.206897 0.92924
0.241379 0.986923
0.275862 0.998458
0.310345 0.963307
0.344828 0.883112
0.37931 0.761625
0.413793 0.604524
0.448276 0.419157
0.482759 0.21419
0.517241 -0.000792003
0.551724 -0.215737
0.586207 -0.420594
0.62069 -0.605785
0.655172 -0.76265
0.689655 -0.883854
0.724138 -0.963731
0.758621 -0.998544
0.793103 -0.986666
0.827586 -0.928654
0.862069 -0.827218
0.896552 -0.687102
0.931034 -0.514859
0.965517 -0.318541
1 -0.107328
