0 -0.879493
0.0344828 -0.756768
0.0689655 -0.598658
0.103448 -0.412556
0.137931 -0.207162
0.172414 0.00791767
0.206897 0.222627
0.241379 0.426927
0.275862 0.611265
0.310345 0.76702
0.344828 0.88691
0.37931 0.965329
0.413793 0.998611
0.448276 0.985199
0.482759 0.925719
0.517241 0.822955
0.551724 0.681709
0.586207 0.508588
0.62069 0.311686
0.655172 0.10021
0.689655 -0.115952
0.724138 -0.326692
0.758621 -0.522157
0.793103 -0.693206
0.827586 -0.831841
0.862069 -0.931581
0.896552 -0.987761
0.931034 -0.997754
0.965517 -0.961093
1 -0.879493
