0 -0.903748
0.0344828 -0.790767
0.0689655 -0.64081
0.103448 -0.46089
0.137931 -0.259419
0.172414 -0.0458176
0.206897 0.169926
0.241379 0.377724
0.275862 0.56786
0.310345 0.731443
0.344828 0.860825
0.37931 0.949956
0.413793 0.994668
0.448276 0.99287
0.482759 0.944647
0.517241 0.852253
0.551724 0.720009
0.586207 0.554098
0.62069 0.362278
0.655172 0.153518
0.689655 -0.0624201
0.724138 -0.27544
0.758621 -0.47558
0.793103 -0.653482
0.827586 -0.800829
0.862069 -0.91073
0.896552 -0.978046
0.931034 -0.999629
0.965517 -0.974471
1 -0.903748
