0 -0.925391
0.0344828 -0.822479
0.0689655 -0.681108
0.103448 -0.50789
0.137931 -0.310924
0.172414 -0.0994187
0.206897 0.116735
0.241379 0.32743
0.275862 0.522815
0.310345 0.693754
0.344828 0.832254
0.37931 0.931838
0.413793 0.98785
0.448276 0.997672
0.482759 0.960844
0.517241 0.879088
0.551724 0.756226
0.586207 0.598005
0.62069 0.411821
0.655172 0.206381
0.689655 -0.00870914
0.724138 -0.223392
0.758621 -0.427629
0.793103 -0.611871
0.827586 -0.767503
0.862069 -0.887247
0.896552 -0.965504
0.931034 -0.998615
0.965517 -0.985032
1 -0.925391
