0 -0.944358
0.0344828 -0.851812
0.0689655 -0.719437
0.103448 -0.553421
0.137931 -0.361528
0.172414 -0.152731
0.206897 0.0632082
0.241379 0.276192
0.275862 0.476261
0.310345 0.65406
0.344828 0.801277
0.37931 0.911027
0.413793 0.978178
0.448276 0.99959
0.482759 0.974263
0.517241 0.903381
0.551724 0.790257
0.586207 0.640182
0.62069 0.460172
0.655172 0.258646
0.689655 0.0450252
0.724138 -0.170701
0.758621 -0.378445
0.793103 -0.568493
0.827586 -0.731959
0.862069 -0.8612
0.896552 -0.950172
0.931034 -0.994715
0.965517 -0.992746
1 -0.944358
