0 -0.960595
0.0344828 -0.878683
0.0689655 -0.755684
0.103448 -0.597351
0.137931 -0.411086
0.172414 -0.2056
0.206897 0.00950055
0.241379 0.224157
0.275862 0.428331
0.310345 0.612478
0.344828 0.767985
0.37931 0.887583
0.413793 0.965678
0.448276 0.998619
0.482759 0.984866
0.517241 0.925061
0.551724 0.822002
0.586207 0.680507
0.62069 0.507192
0.655172 0.310161
0.689655 0.0986277
0.724138 -0.117517
0.758621 -0.328168
0.793103 -0.523473
0.827586 -0.694302
0.862069 -0.832665
0.896552 -0.932094
0.931034 -0.98794
0.965517 -0.99759
1 -0.960595
