0 -0.974054
0.0344828 -0.903012
0.0689655 -0.789746
0.103448 -0.639553
0.137931 -0.459455
0.172414 -0.257873
0.206897 -0.0442329
0.241379 0.171475
0.275862 0.379165
0.310345 0.569126
0.344828 0.732475
0.37931 0.861574
0.413793 0.950387
0.448276 0.994761
0.482759 0.992621
0.517241 0.944068
0.551724 0.85137
0.586207 0.718864
0.62069 0.552744
0.655172 0.360778
0.689655 0.151943
0.724138 -0.0639963
0.758621 -0.276944
0.793103 -0.476941
0.827586 -0.654638
0.862069 -0.801724
0.896552 -0.911323
0.931034 -0.978309
0.965517 -0.999551
1 -0.974054
