0 -0.984698
0.0344828 -0.924731
0.0689655 -0.821525
0.103448 -0.679905
0.137931 -0.506493
0.172414 -0.309399
0.206897 -0.0978367
0.241379 0.1183
0.275862 0.328905
0.310345 0.524131
0.344828 0.694849
0.37931 0.833076
0.413793 0.93235
0.448276 0.988028
0.482759 0.997508
0.517241 0.960344
0.551724 0.878277
0.586207 0.755142
0.62069 0.596697
0.655172 0.410351
0.689655 0.204818
0.724138 -0.0102919
0.758621 -0.224921
0.793103 -0.429033
0.827586 -0.613084
0.862069 -0.768467
0.896552 -0.887918
0.931034 -0.965851
0.965517 -0.998622
1 -0.984698
