0 -0.992496
0.0344828 -0.943777
0.0689655 -0.850928
0.103448 -0.71829
0.137931 -0.552066
0.172414 -0.360029
0.206897 -0.151156
0.241379 0.0647843
0.275862 0.277695
0.310345 0.477622
0.344828 0.655215
0.37931 0.802171
0.413793 0.911619
0.448276 0.97844
0.482759 0.999511
0.517241 0.973845
0.551724 0.902644
0.586207 0.789236
0.62069 0.638924
0.655172 0.458737
0.689655 0.257099
0.724138 0.0434405
0.758621 -0.17225
0.793103 -0.379886
0.827586 -0.569758
0.862069 -0.73299
0.896552 -0.861948
0.931034 -0.950602
0.965517 -0.994807
1 -0.992496
