0 -0.997424
0.0344828 -0.960094
0.0689655 -0.87787
0.103448 -0.754598
0.137931 -0.596042
0.172414 -0.409616
0.206897 -0.204037
0.241379 0.0110832
0.275862 0.225685
0.310345 0.429734
0.344828 0.613689
0.37931 0.768949
0.413793 0.888253
0.448276 0.966024
0.482759 0.998624
0.517241 0.98453
0.551724 0.924401
0.586207 0.821047
0.62069 0.679303
0.655172 0.505794
0.689655 0.308636
0.724138 0.0970457
0.758621 -0.119082
0.793103 -0.329642
0.827586 -0.524788
0.862069 -0.695395
0.896552 -0.833487
0.931034 -0.932606
0.965517 -0.988117
1 -0.997424
