0 -0.99947
0.0344828 -0.973635
0.0689655 -0.902274
0.103448 -0.788724
0.137931 -0.638294
0.172414 -0.458018
0.206897 -0.256326
0.241379 -0.0426482
0.275862 0.173024
0.310345 0.380605
0.344828 0.57039
0.37931 0.733505
0.413793 0.862321
0.448276 0.950816
0.482759 0.994852
0.517241 0.99237
0.551724 0.943486
0.586207 0.850485
0.62069 0.717717
0.655172 0.551389
0.689655 0.359278
0.724138 0.150369
0.758621 -0.0655722
0.793103 -0.278447
0.827586 -0.478302
0.862069 -0.655792
0.896552 -0.802618
0.931034 -0.911914
0.965517 -0.97857
1 -0.99947
