0 -0.160602
0.0344828 0.0553225
0.0689655 0.26866
0.103448 0.469435
0.137931 0.64826
0.172414 0.796773
0.206897 0.90803
0.241379 0.976828
0.275862 0.999951
0.310345 0.976318
0.344828 0.907032
0.37931 0.795335
0.413793 0.646449
0.448276 0.467336
0.482759 0.266371
0.517241 0.05295
0.551724 -0.162946
0.586207 -0.371224
0.62069 -0.562143
0.655172 -0.726777
0.689655 -0.857428
0.724138 -0.947986
0.758621 -0.994218
0.793103 -0.993961
0.827586 -0.947228
0.862069 -0.856203
0.896552 -0.725143
0.931034 -0.560176
0.965517 -0.369017
1 -0.160602
