0 -0.998626
0.0344828 -0.984362
0.0689655 -0.92407
0.103448 -0.820569
0.137931 -0.6787
0.172414 -0.505095
0.206897 -0.307873
0.241379 -0.0962546
0.275862 0.119864
0.310345 0.330379
0.344828 0.525445
0.37931 0.695941
0.413793 0.833897
0.448276 0.93286
0.482759 0.988204
0.517241 0.997341
0.551724 0.959842
0.586207 0.877463
0.62069 0.754055
0.655172 0.595388
0.689655 0.408881
0.724138 0.203255
0.758621 -0.0118744
0.793103 -0.226449
0.827586 -0.430435
0.862069 -0.614294
0.896552 -0.76943
0.931034 -0.888587
0.965517 -0.966196
1 -0.998626
