0 -0.994896
0.0344828 -0.992243
0.0689655 -0.943194
0.103448 -0.850042
0.137931 -0.717142
0.172414 -0.55071
0.206897 -0.358528
0.241379 -0.149581
0.275862 0.06636
0.310345 0.279198
0.344828 0.478981
0.37931 0.656368
0.413793 0.803064
0.448276 0.912209
0.482759 0.9787
0.517241 0.999428
0.551724 0.973425
0.586207 0.901905
0.62069 0.788212
0.655172 0.637664
0.689655 0.4573
0.724138 0.255553
0.758621 0.0418559
0.793103 -0.173798
0.827586 -0.381325
0.862069 -0.571022
0.896552 -0.734019
0.931034 -0.862693
0.965517 -0.951029
1 -0.994896
