0 -0.988291
0.0344828 -0.997256
0.0689655 -0.959591
0.103448 -0.877056
0.137931 -0.753511
0.172414 -0.594733
0.206897 -0.408145
0.241379 -0.202474
0.275862 0.0126656
0.310345 0.227213
0.344828 0.431135
0.37931 0.614899
0.413793 0.76991
0.448276 0.888921
0.482759 0.966367
0.517241 0.998627
0.551724 0.984193
0.586207 0.923738
0.62069 0.820091
0.655172 0.678097
0.689655 0.504396
0.724138 0.30711
0.758621 0.0954636
0.793103 -0.120646
0.827586 -0.331115
0.862069 -0.526101
0.896552 -0.696487
0.931034 -0.834306
0.965517 -0.933114
1 -0.988291
