0 -0.978829
0.0344828 -0.999386
0.0689655 -0.973213
0.103448 -0.901534
0.137931 -0.7877
0.172414 -0.637034
0.206897 -0.456581
0.241379 -0.254779
0.275862 -0.0410636
0.310345 0.174572
0.344828 0.382045
0.37931 0.571653
0.413793 0.734532
0.448276 0.863065
0.482759 0.951242
0.517241 0.99494
0.551724 0.992116
0.586207 0.942901
0.62069 0.849598
0.655172 0.716568
0.689655 0.550032
0.724138 0.357777
0.758621 0.148794
0.793103 -0.0671477
0.827586 -0.279949
0.862069 -0.479661
0.896552 -0.656944
0.931034 -0.803509
0.965517 -0.912503
1 -0.978829
