0 -0.966538
0.0344828 -0.998628
0.0689655 -0.984023
0.103448 -0.923406
0.137931 -0.819612
0.172414 -0.677493
0.206897 -0.503696
0.241379 -0.306346
0.275862 -0.0946725
0.310345 0.121428
0.344828 0.331851
0.37931 0.526757
0.413793 0.697032
0.448276 0.834715
0.482759 0.933368
0.517241 0.988377
0.551724 0.997171
0.586207 0.959338
0.62069 0.876648
0.655172 0.752966
0.689655 0.594077
0.724138 0.407409
0.758621 0.201692
0.793103 -0.0134568
0.827586 -0.227976
0.862069 -0.431836
0.896552 -0.615503
0.931034 -0.77039
0.965517 -0.889254
1 -0.966538
