0 -0.951454
0.0344828 -0.994983
0.0689655 -0.991988
0.103448 -0.942608
0.137931 -0.849153
0.172414 -0.715993
0.206897 -0.549353
0.241379 -0.357027
0.275862 -0.148006
0.310345 0.0679354
0.344828 0.2807
0.37931 0.48034
0.413793 0.657519
0.448276 0.803954
0.482759 0.912796
0.517241 0.978957
0.551724 0.999344
0.586207 0.973002
0.62069 0.901163
0.655172 0.787188
0.689655 0.636404
0.724138 0.455862
0.758621 0.254005
0.793103 0.0402714
0.827586 -0.175346
0.862069 -0.382764
0.896552 -0.572284
0.931034 -0.735045
0.965517 -0.863436
1 -0.951454
