0 -0.933621
0.0344828 -0.988463
0.0689655 -0.997085
0.103448 -0.959085
0.137931 -0.876239
0.172414 -0.752422
0.206897 -0.593421
0.241379 -0.406673
0.275862 -0.20091
0.310345 0.0142478
0.344828 0.228739
0.37931 0.432535
0.413793 0.616107
0.448276 0.770869
0.482759 0.889587
0.517241 0.966709
0.551724 0.998628
0.586207 0.983853
0.62069 0.923073
0.655172 0.819132
0.689655 0.676889
0.724138 0.502996
0.758621 0.305583
0.793103 0.0938814
0.827586 -0.12221
0.862069 -0.332587
0.896552 -0.527413
0.931034 -0.697577
0.965517 -0.835124
1 -0.933621
