0 -0.913089
0.0344828 -0.979085
0.0689655 -0.9993
0.103448 -0.972789
0.137931 -0.900792
0.172414 -0.786674
0.206897 -0.635773
0.241379 -0.455143
0.275862 -0.253232
0.310345 -0.0394792
0.344828 0.176119
0.37931 0.383483
0.413793 0.572915
0.448276 0.735558
0.482759 0.863807
0.517241 0.951666
0.551724 0.995026
0.586207 0.991859
0.62069 0.942315
0.655172 0.848708
0.689655 0.715417
0.724138 0.548674
0.758621 0.356276
0.793103 0.147218
0.827586 -0.0687229
0.862069 -0.281451
0.896552 -0.481018
0.931034 -0.658094
0.965517 -0.804398
1 -0.913089
