0 -0.889919
0.0344828 -0.966878
0.0689655 -0.998627
0.103448 -0.983682
0.137931 -0.92274
0.172414 -0.818652
0.206897 -0.676285
0.241379 -0.502296
0.275862 -0.30482
0.310345 -0.0930903
0.344828 0.122992
0.37931 0.333323
0.413793 0.528068
0.448276 0.698121
0.482759 0.835531
0.517241 0.933873
0.551724 0.988548
0.586207 0.996999
0.62069 0.958831
0.655172 0.87583
0.689655 0.751876
0.724138 0.592765
0.758621 0.405937
0.793103 0.200128
0.827586 -0.0150388
0.862069 -0.229503
0.896552 -0.433235
0.931034 -0.61671
0.965517 -0.771348
1 -0.889919
