0 -0.864177
0.0344828 -0.951877
0.0689655 -0.995068
0.103448 -0.99173
0.137931 -0.94202
0.172414 -0.848263
0.206897 -0.714842
0.241379 -0.547995
0.275862 -0.355525
0.310345 -0.146431
0.344828 0.0695103
0.37931 0.282201
0.413793 0.481697
0.448276 0.658668
0.482759 0.804842
0.517241 0.913381
0.551724 0.979212
0.586207 0.999256
0.62069 0.972576
0.655172 0.90042
0.689655 0.786161
0.724138 0.635141
0.758621 0.454424
0.793103 0.252458
0.827586 0.038687
0.862069 -0.176893
0.896552 -0.384201
0.931034 -0.573545
0.965517 -0.73607
1 -0.864177
