0 -0.213409
0.0344828 0.00158396
0.0689655 0.216503
0.103448 0.421299
0.137931 0.606396
0.172414 0.763138
0.206897 0.884196
0.241379 0.963911
0.275862 0.998554
0.310345 0.986506
0.344828 0.92833
0.37931 0.826746
0.413793 0.686505
0.448276 0.514163
0.482759 0.31778
0.517241 0.106537
0.551724 -0.109687
0.586207 -0.320782
0.62069 -0.516877
0.655172 -0.688804
0.689655 -0.828524
0.724138 -0.929502
0.758621 -0.987018
0.793103 -0.998382
0.827586 -0.963063
0.862069 -0.882712
0.896552 -0.761087
0.931034 -0.603874
0.965517 -0.418424
1 -0.213409
