0 -0.835939
0.0344828 -0.934125
0.0689655 -0.988632
0.103448 -0.996912
0.137931 -0.958577
0.172414 -0.875421
0.206897 -0.75133
0.241379 -0.592109
0.275862 -0.405201
0.310345 -0.199346
0.344828 0.0158298
0.37931 0.230266
0.413793 0.433934
0.448276 0.617313
0.482759 0.771826
0.517241 0.89025
0.551724 0.967047
0.586207 0.998626
0.62069 0.98351
0.655172 0.922406
0.689655 0.818172
0.724138 0.675681
0.758621 0.501595
0.793103 0.304056
0.827586 0.0922993
0.862069 -0.123773
0.896552 -0.334058
0.931034 -0.528723
0.965517 -0.698665
1 -0.835939
