0 -0.805285
0.0344828 -0.913673
0.0689655 -0.979339
0.103448 -0.999212
0.137931 -0.972363
0.172414 -0.900047
0.206897 -0.785647
0.241379 -0.63451
0.275862 -0.453704
0.310345 -0.251684
0.344828 -0.0378948
0.37931 0.177666
0.413793 0.384919
0.448276 0.574174
0.482759 0.736581
0.517241 0.864547
0.551724 0.952087
0.586207 0.995109
0.62069 0.9916
0.655172 0.941726
0.689655 0.847817
0.724138 0.714265
0.758621 0.547315
0.793103 0.354774
0.827586 0.145643
0.862069 -0.0702977
0.896552 -0.282951
0.931034 -0.482374
0.965517 -0.659242
1 -0.805285
