0 -0.772304
0.0344828 -0.890581
0.0689655 -0.967215
0.103448 -0.998624
0.137931 -0.983338
0.172414 -0.922072
0.206897 -0.817691
0.241379 -0.675075
0.275862 -0.500894
0.310345 -0.303292
0.344828 -0.0915082
0.37931 0.124555
0.413793 0.334793
0.448276 0.529377
0.482759 0.699209
0.517241 0.836345
0.551724 0.934376
0.586207 0.988716
0.62069 0.996824
0.655172 0.958322
0.689655 0.875011
0.724138 0.750784
0.758621 0.591452
0.793103 0.404464
0.827586 0.198564
0.862069 -0.0166207
0.896552 -0.231028
0.931034 -0.434633
0.965517 -0.617915
1 -0.772304
