0 -0.737093
0.0344828 -0.864916
0.0689655 -0.952297
0.103448 -0.995149
0.137931 -0.99147
0.172414 -0.94143
0.206897 -0.847371
0.241379 -0.713689
0.275862 -0.546635
0.310345 -0.354022
0.344828 -0.144855
0.37931 0.0710849
0.413793 0.283701
0.448276 0.483052
0.482759 0.659816
0.517241 0.805727
0.551724 0.913964
0.586207 0.979465
0.62069 0.999167
0.655172 0.972149
0.689655 0.899674
0.724138 0.785132
0.758621 0.633878
0.793103 0.452984
0.827586 0.25091
0.862069 0.0371027
0.896552 -0.178439
0.931034 -0.385637
0.965517 -0.574803
1 -0.737093
