0 -0.699751
0.0344828 -0.836752
0.0689655 -0.934626
0.103448 -0.988799
0.137931 -0.996736
0.172414 -0.958067
0.206897 -0.8746
0.241379 -0.750238
0.275862 -0.590795
0.310345 -0.403727
0.344828 -0.197782
0.37931 0.0174115
0.413793 0.231791
0.448276 0.435332
0.482759 0.618517
0.517241 0.772782
0.551724 0.890911
0.586207 0.967383
0.62069 0.998621
0.655172 0.983165
0.689655 0.921737
0.724138 0.817209
0.758621 0.67447
0.793103 0.500193
0.827586 0.302528
0.862069 0.090717
0.896552 -0.125336
0.931034 -0.335528
0.965517 -0.530032
1 -0.699751
