0 -0.660389
0.0344828 -0.80617
0.0689655 -0.914255
0.103448 -0.97959
0.137931 -0.999121
0.172414 -0.971934
0.206897 -0.899301
0.241379 -0.784617
0.275862 -0.633245
0.310345 -0.452264
0.344828 -0.250135
0.37931 -0.0363106
0.413793 0.179212
0.448276 0.386355
0.482759 0.575432
0.517241 0.737603
0.551724 0.865284
0.586207 0.952506
0.62069 0.995189
0.655172 0.991339
0.689655 0.941134
0.724138 0.846924
0.758621 0.713112
0.793103 0.545955
0.827586 0.353271
0.862069 0.144067
0.896552 -0.0718721
0.931034 -0.284451
0.965517 -0.483729
1 -0.660389
