0 -0.619119
0.0344828 -0.773258
0.0689655 -0.891241
0.103448 -0.96755
0.137931 -0.998618
0.172414 -0.982991
0.206897 -0.921401
0.241379 -0.816727
0.275862 -0.673864
0.310345 -0.499492
0.344828 -0.301764
0.37931 -0.0899259
0.413793 0.126117
0.448276 0.336263
0.482759 0.530685
0.517241 0.700294
0.551724 0.837157
0.586207 0.934876
0.62069 0.988881
0.655172 0.996647
0.689655 0.957811
0.724138 0.874189
0.758621 0.749691
0.793103 0.590138
0.827586 0.40299
0.862069 0.197
0.896552 -0.0182022
0.931034 -0.232553
0.965517 -0.43603
1 -0.619119
