0 -0.576061
0.0344828 -0.738113
0.0689655 -0.865652
0.103448 -0.952714
0.137931 -0.995229
0.172414 -0.991207
0.206897 -0.940838
0.241379 -0.846476
0.275862 -0.712534
0.310345 -0.545275
0.344828 -0.352519
0.37931 -0.14328
0.413793 0.0726591
0.448276 0.2852
0.482759 0.484406
0.517241 0.660962
0.551724 0.806611
0.586207 0.914544
0.62069 0.979715
0.655172 0.999075
0.689655 0.971719
0.724138 0.898927
0.758621 0.784102
0.793103 0.632613
0.827586 0.451544
0.862069 0.249361
0.896552 0.0355185
0.931034 -0.179985
0.965517 -0.387072
1 -0.576061
