0 -0.531339
0.0344828 -0.700836
0.0689655 -0.837562
0.103448 -0.935125
0.137931 -0.988963
0.172414 -0.996558
0.206897 -0.957555
0.241379 -0.873777
0.275862 -0.749143
0.310345 -0.58948
0.344828 -0.402253
0.37931 -0.196218
0.413793 0.0189929
0.448276 0.233315
0.482759 0.436728
0.517241 0.61972
0.551724 0.773735
0.586207 0.89157
0.62069 0.967717
0.655172 0.998614
0.689655 0.982817
0.724138 0.921065
0.758621 0.816245
0.793103 0.673258
0.827586 0.49879
0.862069 0.301
0.896552 0.0891348
0.931034 -0.126898
0.965517 -0.336997
1 -0.531339
