0 -0.485083
0.0344828 -0.661534
0.0689655 -0.807052
0.103448 -0.914834
0.137931 -0.979839
0.172414 -0.999028
0.206897 -0.971503
0.241379 -0.898552
0.275862 -0.783586
0.310345 -0.63198
0.344828 -0.450823
0.37931 -0.248587
0.413793 -0.0347264
0.448276 0.180758
0.482759 0.387789
0.517241 0.576689
0.551724 0.738623
0.586207 0.86602
0.62069 0.952922
0.655172 0.995267
0.689655 0.991075
0.724138 0.940541
0.758621 0.846028
0.793103 0.711956
0.827586 0.544594
0.862069 0.351767
0.896552 0.142492
0.931034 -0.0734461
0.965517 -0.28595
1 -0.485083
