0 -0.265599
0.0344828 -0.0521575
0.0689655 0.163723
0.103448 0.371947
0.137931 0.56278
0.172414 0.727298
0.206897 0.857808
0.241379 0.948208
0.275862 0.99427
0.310345 0.993842
0.344828 0.946943
0.37931 0.855766
0.413793 0.724574
0.448276 0.559502
0.482759 0.368269
0.517241 0.159815
0.551724 -0.0561115
0.586207 -0.269414
0.62069 -0.470119
0.655172 -0.648842
0.689655 -0.797226
0.724138 -0.908332
0.758621 -0.976966
0.793103 -0.999918
0.827586 -0.976115
0.862069 -0.90667
0.896552 -0.79483
0.931034 -0.645824
0.965517 -0.466621
1 -0.265599
