0 -0.437426
0.0344828 -0.620321
0.0689655 -0.77421
0.103448 -0.891899
0.137931 -0.967883
0.172414 -0.99861
0.206897 -0.982643
0.241379 -0.920729
0.275862 -0.815762
0.310345 -0.672652
0.344828 -0.498089
0.37931 -0.300235
0.413793 -0.0883437
0.448276 0.127679
0.482759 0.337731
0.517241 0.531992
0.551724 0.701377
0.586207 0.837967
0.62069 0.935374
0.655172 0.989044
0.689655 0.996468
0.724138 0.957297
0.758621 0.873365
0.793103 0.748595
0.827586 0.588822
0.862069 0.401516
0.896552 0.195435
0.931034 -0.0197836
0.965517 -0.234077
1 -0.437426
