0 -0.388506
0.0344828 -0.577316
0.0689655 -0.739132
0.103448 -0.866386
0.137931 -0.95313
0.172414 -0.995306
0.206897 -0.990942
0.241379 -0.940243
0.275862 -0.84558
0.310345 -0.711378
0.344828 -0.543913
0.37931 -0.351015
0.413793 -0.141704
0.448276 0.074233
0.482759 0.286699
0.517241 0.485759
0.551724 0.662105
0.586207 0.807493
0.62069 0.915122
0.655172 0.979962
0.689655 0.99898
0.724138 0.971286
0.758621 0.898177
0.793103 0.783069
0.827586 0.631346
0.862069 0.450102
0.896552 0.247812
0.931034 0.0339344
0.965517 -0.18153
1 -0.388506
