0 -0.338465
0.0344828 -0.532645
0.0689655 -0.701918
0.103448 -0.838371
0.137931 -0.935622
0.172414 -0.989125
0.206897 -0.996377
0.241379 -0.95704
0.275862 -0.872952
0.310345 -0.748047
0.344828 -0.588163
0.37931 -0.400778
0.413793 -0.194653
0.448276 0.0205742
0.482759 0.234839
0.517241 0.438123
0.551724 0.620921
0.586207 0.774686
0.62069 0.892227
0.655172 0.968048
0.689655 0.998605
0.724138 0.982468
0.758621 0.920391
0.793103 0.815279
0.827586 0.672045
0.862069 0.497386
0.896552 0.299471
0.931034 0.0875526
0.965517 -0.12846
1 -0.338465
