0 -0.287448
0.0344828 -0.486435
0.0689655 -0.662677
0.103448 -0.807933
0.137931 -0.915411
0.172414 -0.980085
0.206897 -0.998932
0.241379 -0.971069
0.275862 -0.897801
0.310345 -0.782552
0.344828 -0.630712
0.37931 -0.449381
0.413793 -0.247037
0.448276 -0.0331424
0.482759 0.182302
0.517241 0.389223
0.551724 0.577944
0.586207 0.73964
0.62069 0.866753
0.655172 0.953336
0.689655 0.995343
0.724138 0.990809
0.758621 0.939945
0.793103 0.845131
0.827586 0.710799
0.862069 0.543231
0.896552 0.350263
0.931034 0.140916
0.965517 -0.0750197
1 -0.287448
