0 -0.235601
0.0344828 -0.43882
0.0689655 -0.621521
0.103448 -0.77516
0.137931 -0.892554
0.172414 -0.968213
0.206897 -0.998599
0.241379 -0.982292
0.275862 -0.920054
0.310345 -0.814795
0.344828 -0.671437
0.37931 -0.496684
0.413793 -0.298706
0.448276 -0.0867614
0.482759 0.12924
0.517241 0.339199
0.551724 0.533297
0.586207 0.702459
0.62069 0.838774
0.655172 0.935869
0.689655 0.989205
0.724138 0.996286
0.758621 0.956781
0.793103 0.872539
0.827586 0.747498
0.862069 0.587505
0.896552 0.40004
0.931034 0.19387
0.965517 -0.0213647
1 -0.235601
