0 -0.183074
0.0344828 -0.389939
0.0689655 -0.57857
0.103448 -0.740149
0.137931 -0.867118
0.172414 -0.953542
0.206897 -0.99538
0.241379 -0.990674
0.275862 -0.939646
0.310345 -0.844681
0.344828 -0.71022
0.37931 -0.54255
0.413793 -0.34951
0.448276 -0.140128
0.482759 0.0758064
0.517241 0.288196
0.551724 0.48711
0.586207 0.663247
0.62069 0.808372
0.655172 0.915698
0.689655 0.980207
0.724138 0.998883
0.758621 0.970852
0.793103 0.897425
0.827586 0.782035
0.862069 0.630078
0.896552 0.44866
0.931034 0.246263
0.965517 0.0323504
1 -0.183074
