0 -0.130021
0.0344828 -0.339932
0.0689655 -0.533949
0.103448 -0.702999
0.137931 -0.839177
0.172414 -0.936116
0.206897 -0.989284
0.241379 -0.996194
0.275862 -0.956522
0.310345 -0.872125
0.344828 -0.746949
0.37931 -0.586846
0.413793 -0.399302
0.448276 -0.193088
0.482759 0.0221551
0.517241 0.236362
0.551724 0.439517
0.586207 0.622121
0.62069 0.775635
0.655172 0.892881
0.689655 0.968377
0.724138 0.998592
0.758621 0.982115
0.793103 0.919715
0.827586 0.814311
0.862069 0.67083
0.896552 0.495981
0.931034 0.297942
0.965517 0.0859703
1 -0.130021
