0 -0.076593
0.0344828 -0.288945
0.0689655 -0.487785
0.103448 -0.663818
0.137931 -0.808811
0.172414 -0.915985
0.206897 -0.980329
0.241379 -0.998833
0.275862 -0.970633
0.310345 -0.897048
0.344828 -0.781517
0.37931 -0.629444
0.413793 -0.447938
0.448276 -0.245488
0.482759 -0.0315585
0.517241 0.183846
0.551724 0.390655
0.586207 0.579197
0.62069 0.740656
0.655172 0.867483
0.689655 0.953748
0.724138 0.995416
0.758621 0.99054
0.793103 0.939347
0.827586 0.844231
0.862069 0.70964
0.896552 0.541868
0.931034 0.348758
0.965517 0.13934
1 -0.076593
