0 -0.0229455
0.0344828 -0.237123
0.0689655 -0.440213
0.103448 -0.62272
0.137931 -0.776108
0.172414 -0.893207
0.206897 -0.96854
0.241379 -0.998586
0.275862 -0.981938
0.310345 -0.919376
0.344828 -0.813826
0.37931 -0.670221
0.413793 -0.495278
0.448276 -0.297177
0.482759 -0.0851792
0.517241 0.130801
0.551724 0.340665
0.586207 0.5346
0.62069 0.703538
0.655172 0.839579
0.689655 0.936362
0.724138 0.989362
0.758621 0.996101
0.793103 0.956263
0.827586 0.871711
0.862069 0.746399
0.896552 0.586186
0.931034 0.398564
0.965517 0.192305
1 -0.0229455
