0 0.0307666
0.0344828 -0.184618
0.0689655 -0.391371
0.103448 -0.579823
0.137931 -0.741163
0.172414 -0.867848
0.206897 -0.953953
0.241379 -0.995452
0.275862 -0.990404
0.310345 -0.939047
0.344828 -0.843781
0.37931 -0.709061
0.413793 -0.541185
0.448276 -0.348005
0.482759 -0.138552
0.517241 0.0773795
0.551724 0.289693
0.586207 0.48846
0.62069 0.664388
0.655172 0.809249
0.689655 0.916271
0.724138 0.98045
0.758621 0.998783
0.793103 0.970414
0.827586 0.89667
0.862069 0.780999
0.896552 0.628809
0.931034 0.447217
0.965517 0.244713
1 0.0307666
