0 -0.317018
0.0344828 -0.105746
0.0689655 0.11047
0.103448 0.321521
0.137931 0.517539
0.172414 0.689356
0.206897 0.82894
0.241379 0.929764
0.275862 0.987113
0.310345 0.998306
0.344828 0.962819
0.37931 0.882312
0.413793 0.760549
0.448276 0.603223
0.482759 0.417691
0.517241 0.212629
0.551724 -0.00237586
0.586207 -0.217269
0.62069 -0.422004
0.655172 -0.607006
0.689655 -0.763625
0.724138 -0.884538
0.758621 -0.96409
0.793103 -0.998563
0.827586 -0.986345
0.862069 -0.928005
0.896552 -0.826274
0.931034 -0.685907
0.965517 -0.513467
1 -0.317018
