0 0.084388
0.0344828 -0.131581
0.0689655 -0.341398
0.103448 -0.535252
0.137931 -0.704077
0.172414 -0.839981
0.206897 -0.936608
0.241379 -0.989441
0.275862 -0.996008
0.310345 -0.956003
0.344828 -0.871296
0.37931 -0.745849
0.413793 -0.585526
0.448276 -0.397825
0.482759 -0.191522
0.517241 0.0237358
0.551724 0.237884
0.586207 0.440909
0.62069 0.623318
0.655172 0.776581
0.689655 0.893532
0.724138 0.968703
0.758621 0.998578
0.793103 0.98176
0.827586 0.919037
0.862069 0.81334
0.896552 0.669613
0.931034 0.494575
0.965517 0.296412
1 0.084388
