0 0.137764
0.0344828 -0.0781658
0.0689655 -0.290441
0.103448 -0.489135
0.137931 -0.664957
0.172414 -0.809687
0.206897 -0.916557
0.241379 -0.98057
0.275862 -0.998732
0.310345 -0.970195
0.344828 -0.896292
0.37931 -0.78048
0.413793 -0.628174
0.448276 -0.446495
0.482759 -0.243938
0.517241 -0.0299747
0.551724 0.18539
0.586207 0.392086
0.62069 0.580448
0.655172 0.74167
0.689655 0.868212
0.724138 0.954157
0.758621 0.995487
0.793103 0.990269
0.827586 0.938747
0.862069 0.84333
0.896552 0.70848
0.931034 0.540503
0.965517 0.347252
1 0.137764
