0 0.19074
0.0344828 -0.0245261
0.0689655 -0.238645
0.103448 -0.441605
0.137931 -0.623916
0.172414 -0.777054
0.206897 -0.893857
0.241379 -0.968865
0.275862 -0.99857
0.310345 -0.981582
0.344828 -0.918697
0.37931 -0.812855
0.413793 -0.669004
0.448276 -0.493872
0.482759 -0.295646
0.517241 -0.0835969
0.551724 0.132361
0.586207 0.342131
0.62069 0.535902
0.655172 0.704616
0.689655 0.840382
0.724138 0.936853
0.758621 0.989518
0.793103 0.995914
0.827586 0.955742
0.862069 0.870881
0.896552 0.745298
0.931034 0.584866
0.965517 0.397087
1 0.19074
