0 0.243163
0.0344828 0.0291829
0.0689655 -0.186161
0.103448 -0.392801
0.137931 -0.581074
0.172414 -0.742176
0.206897 -0.868575
0.241379 -0.95436
0.275862 -0.995521
0.310345 -0.990132
0.344828 -0.938446
0.37931 -0.842879
0.413793 -0.707899
0.448276 -0.53982
0.482759 -0.346499
0.517241 -0.136976
0.551724 0.0789521
0.586207 0.291188
0.62069 0.489809
0.655172 0.665526
0.689655 0.810124
0.724138 0.916842
0.758621 0.980689
0.793103 0.998681
0.827586 0.969975
0.862069 0.895914
0.896552 0.779961
0.931034 0.627538
0.965517 0.445772
1 0.243163
