0 0.294881
0.0344828 0.0828057
0.0689655 -0.133141
0.103448 -0.342863
0.137931 -0.536553
0.172414 -0.705154
0.206897 -0.840783
0.241379 -0.937098
0.275862 -0.989595
0.310345 -0.99582
0.344828 -0.955481
0.37931 -0.870465
0.413793 -0.744747
0.448276 -0.584206
0.482759 -0.396348
0.517241 -0.189957
0.551724 0.0253163
0.586207 0.239406
0.62069 0.442301
0.655172 0.624514
0.689655 0.777526
0.724138 0.894182
0.758621 0.969027
0.793103 0.998561
0.827586 0.981403
0.862069 0.918357
0.896552 0.812368
0.931034 0.668395
0.965517 0.493168
1 0.294881
