0 0.345745
0.0344828 0.136188
0.0689655 -0.0797383
0.103448 -0.291936
0.137931 -0.490482
0.172414 -0.666095
0.206897 -0.810561
0.241379 -0.917127
0.275862 -0.980808
0.310345 -0.998629
0.344828 -0.969754
0.37931 -0.895535
0.413793 -0.779442
0.448276 -0.626902
0.482759 -0.44505
0.517241 -0.242387
0.551724 -0.0283911
0.586207 0.186933
0.62069 0.393516
0.655172 0.581698
0.689655 0.742682
0.724138 0.868938
0.758621 0.954563
0.793103 0.995555
0.827586 0.989995
0.862069 0.938144
0.896552 0.842427
0.931034 0.707318
0.965517 0.539137
1 0.345745
