0 0.395609
0.0344828 0.189174
0.0689655 -0.0261064
0.103448 -0.240166
0.137931 -0.442996
0.172414 -0.625112
0.206897 -0.777998
0.241379 -0.894506
0.275862 -0.969188
0.310345 -0.998551
0.344828 -0.981224
0.37931 -0.918015
0.413793 -0.811882
0.448276 -0.667785
0.482759 -0.492464
0.517241 -0.294116
0.551724 -0.0820146
0.586207 0.133921
0.62069 0.343595
0.655172 0.537203
0.689655 0.705691
0.724138 0.841183
0.758621 0.937341
0.793103 0.989671
0.827586 0.995725
0.862069 0.955219
0.896552 0.870049
0.931034 0.744196
0.965517 0.583545
1 0.395609
