0 0.444327
0.0344828 0.241612
0.0689655 0.0275993
0.103448 -0.187704
0.137931 -0.39423
0.172414 -0.582323
0.206897 -0.743187
0.241379 -0.8693
0.275862 -0.954766
0.310345 -0.995588
0.344828 -0.989857
0.37931 -0.937842
0.413793 -0.841974
0.448276 -0.706737
0.482759 -0.538453
0.517241 -0.344992
0.551724 -0.135399
0.586207 0.0805244
0.62069 0.292683
0.655172 0.491156
0.689655 0.666663
0.724138 0.810997
0.758621 0.917411
0.793103 0.980927
0.827586 0.998576
0.862069 0.969533
0.896552 0.895155
0.931034 0.778921
0.965517 0.626266
1 0.444327
