0 0.49176
0.0344828 0.29335
0.0689655 0.0812234
0.103448 -0.134701
0.137931 -0.344327
0.172414 -0.537852
0.206897 -0.706229
0.241379 -0.841582
0.275862 -0.937585
0.310345 -0.989746
0.344828 -0.995629
0.37931 -0.954957
0.413793 -0.869632
0.448276 -0.743644
0.482759 -0.582884
0.517241 -0.39487
0.551724 -0.188391
0.586207 0.0268964
0.62069 0.240926
0.655172 0.443691
0.689655 0.625708
0.724138 0.778469
0.758621 0.894829
0.793103 0.969348
0.827586 0.998541
0.862069 0.981044
0.896552 0.917674
0.931034 0.811394
0.965517 0.667175
1 0.49176
