0 0.537769
0.0344828 0.344238
0.0689655 0.134611
0.103448 -0.0813103
0.137931 -0.29343
0.172414 -0.491829
0.206897 -0.66723
0.241379 -0.811433
0.275862 -0.917694
0.310345 -0.981045
0.344828 -0.998523
0.37931 -0.969311
0.413793 -0.894775
0.448276 -0.778401
0.482759 -0.625629
0.517241 -0.443604
0.551724 -0.240836
0.586207 -0.0268075
0.62069 0.188475
0.655172 0.394944
0.689655 0.582947
0.724138 0.743691
0.758621 0.869662
0.793103 0.954967
0.827586 0.99562
0.862069 0.989719
0.896552 0.937539
0.931034 0.841521
0.965517 0.706155
1 0.537769
