0 -0.36752
0.0344828 -0.159028
0.0689655 0.0569004
0.103448 0.270168
0.137931 0.470803
0.172414 0.649424
0.206897 0.797678
0.241379 0.908634
0.275862 0.977103
0.310345 0.999884
0.344828 0.975911
0.37931 0.906306
0.413793 0.794323
0.448276 0.645199
0.482759 0.465905
0.517241 0.264827
0.551724 0.0513649
0.586207 -0.164499
0.62069 -0.37267
0.655172 -0.563416
0.689655 -0.727817
0.724138 -0.858187
0.758621 -0.948428
0.793103 -0.994322
0.827586 -0.993723
0.862069 -0.946658
0.896552 -0.855329
0.931034 -0.724005
0.965517 -0.558828
1 -0.36752
