0 0.582223
0.0344828 0.39413
0.0689655 0.187608
0.103448 -0.0276864
0.137931 -0.241686
0.172414 -0.444385
0.206897 -0.626305
0.241379 -0.778939
0.275862 -0.895152
0.310345 -0.969508
0.344828 -0.99853
0.37931 -0.980863
0.413793 -0.917332
0.448276 -0.810907
0.482759 -0.666565
0.517241 -0.491055
0.551724 -0.292584
0.586207 -0.0804323
0.62069 0.135481
0.655172 0.345058
0.689655 0.538502
0.724138 0.706765
0.758621 0.841981
0.793103 0.937827
0.827586 0.989821
0.862069 0.995533
0.896552 0.954694
0.931034 0.869215
0.965517 0.743092
1 0.582223
