0 0.624992
0.0344828 0.442881
0.0689655 0.240061
0.103448 0.0260158
0.137931 -0.189246
0.172414 -0.395658
0.206897 -0.58357
0.241379 -0.744195
0.275862 -0.870023
0.310345 -0.955169
0.344828 -0.995652
0.37931 -0.98958
0.413793 -0.937236
0.448276 -0.841068
0.482759 -0.705572
0.517241 -0.537085
0.551724 -0.343484
0.586207 -0.133823
0.62069 0.0820962
0.655172 0.294177
0.689655 0.492501
0.724138 0.667798
0.758621 0.811868
0.793103 0.917977
0.827586 0.981162
0.862069 0.998469
0.896552 0.969089
0.931034 0.894395
0.965517 0.77788
1 0.624992
