0 0.665954
0.0344828 0.49035
0.0689655 0.291818
0.103448 0.0796411
0.137931 -0.13626
0.172414 -0.34579
0.206897 -0.539151
0.241379 -0.707301
0.275862 -0.84238
0.310345 -0.938069
0.344828 -0.989896
0.37931 -0.995436
0.413793 -0.95443
0.448276 -0.868797
0.482759 -0.742539
0.517241 -0.581561
0.551724 -0.39339
0.586207 -0.186825
0.62069 0.0284763
0.655172 0.242446
0.689655 0.445079
0.724138 0.626901
0.758621 0.77941
0.793103 0.895474
0.827586 0.969667
0.862069 0.998519
0.896552 0.980682
0.931034 0.916989
0.965517 0.810419
1 0.665954
