0 0.70499
0.0344828 0.536401
0.0689655 0.342731
0.103448 0.133035
0.137931 -0.082882
0.172414 -0.294923
0.206897 -0.493174
0.241379 -0.668364
0.275862 -0.812303
0.310345 -0.918259
0.344828 -0.981278
0.37931 -0.998414
0.413793 -0.968865
0.448276 -0.894014
0.482759 -0.777359
0.517241 -0.624355
0.551724 -0.442158
0.586207 -0.239285
0.62069 -0.0252241
0.655172 0.190016
0.689655 0.396372
0.724138 0.584194
0.758621 0.744699
0.793103 0.870383
0.827586 0.955369
0.862069 0.995683
0.896552 0.98944
0.931034 0.936932
0.965517 0.840614
1 0.70499
