0 0.741986
0.0344828 0.580899
0.0689655 0.39265
0.103448 0.186042
0.137931 -0.0292662
0.172414 -0.243206
0.206897 -0.445773
0.241379 -0.627497
0.275862 -0.779879
0.310345 -0.895795
0.344828 -0.969825
0.37931 -0.998507
0.413793 -0.9805
0.448276 -0.916646
0.482759 -0.80993
0.517241 -0.665343
0.551724 -0.489645
0.586207 -0.291052
0.62069 -0.07885
0.655172 0.137039
0.689655 0.346521
0.724138 0.539799
0.758621 0.707837
0.793103 0.842778
0.827586 0.938311
0.862069 0.989969
0.896552 0.995338
0.931034 0.954166
0.965517 0.868378
1 0.741986
