0 0.776837
0.0344828 0.623717
0.0689655 0.441434
0.103448 0.238509
0.137931 0.0244325
0.172414 -0.190787
0.206897 -0.397085
0.241379 -0.584816
0.275862 -0.745202
0.310345 -0.870743
0.344828 -0.955569
0.37931 -0.995714
0.413793 -0.9893
0.448276 -0.936627
0.482759 -0.840159
0.517241 -0.704406
0.551724 -0.535716
0.586207 -0.341976
0.62069 -0.132246
0.655172 0.0836676
0.689655 0.295669
0.724138 0.493846
0.758621 0.668931
0.793103 0.812737
0.827586 0.918541
0.862069 0.981394
0.896552 0.998359
0.931034 0.968642
0.965517 0.893632
1 0.776837
