0 0.809441
0.0344828 0.664731
0.0689655 0.48894
0.103448 0.290286
0.137931 0.0780588
0.172414 -0.137818
0.206897 -0.347251
0.241379 -0.540447
0.275862 -0.708372
0.310345 -0.843175
0.344828 -0.938551
0.37931 -0.990042
0.413793 -0.99524
0.448276 -0.953901
0.482759 -0.867959
0.517241 -0.741432
0.551724 -0.580237
0.586207 -0.39191
0.62069 -0.185258
0.655172 0.030056
0.689655 0.243965
0.724138 0.446466
0.758621 0.628092
0.793103 0.780348
0.827586 0.896116
0.862069 0.969983
0.896552 0.998494
0.931034 0.980317
0.965517 0.916302
1 0.809441
