0 0.839704
0.0344828 0.703823
0.0689655 0.535031
0.103448 0.341222
0.137931 0.131458
0.172414 -0.0844532
0.206897 -0.296415
0.241379 -0.494517
0.275862 -0.669496
0.310345 -0.81317
0.344828 -0.918822
0.37931 -0.98151
0.413793 -0.998303
0.448276 -0.968418
0.482759 -0.89325
0.517241 -0.776314
0.551724 -0.623079
0.586207 -0.44071
0.62069 -0.237734
0.655172 -0.0236409
0.689655 0.191557
0.724138 0.397798
0.758621 0.585439
0.793103 0.745705
0.827586 0.871102
0.862069 0.955768
0.896552 0.995744
0.931034 0.989159
0.965517 0.936322
1 0.839704
