0 0.86754
0.0344828 0.740878
0.0689655 0.579574
0.103448 0.39117
0.137931 0.184475
0.172414 -0.0308457
0.206897 -0.244724
0.241379 -0.44716
0.275862 -0.628686
0.310345 -0.780817
0.344828 -0.896437
0.37931 -0.97014
0.413793 -0.998481
0.448276 -0.980134
0.482759 -0.915957
0.517241 -0.808951
0.551724 -0.66412
0.586207 -0.488234
0.62069 -0.28952
0.655172 -0.0772677
0.689655 0.138597
0.724138 0.347982
0.758621 0.541095
0.793103 0.708907
0.827586 0.843572
0.862069 0.938792
0.896552 0.990115
0.931034 0.995141
0.965517 0.953636
1 0.86754
