0 0.892867
0.0344828 0.775792
0.0689655 0.622441
0.103448 0.439986
0.137931 0.236958
0.172414 0.0228493
0.206897 -0.192327
0.241379 -0.398511
0.275862 -0.586061
0.310345 -0.746207
0.344828 -0.871461
0.37931 -0.955967
0.413793 -0.995773
0.448276 -0.989018
0.482759 -0.936017
0.517241 -0.839249
0.551724 -0.703239
0.586207 -0.534346
0.62069 -0.340468
0.655172 -0.130669
0.689655 0.0852387
0.724138 0.297161
0.758621 0.495189
0.793103 0.670062
0.827586 0.813603
0.862069 0.919102
0.896552 0.981624
0.931034 0.998247
0.965517 0.968193
1 0.892867
