0 -0.416958
0.0344828 -0.211848
0.0689655 0.0031677
0.103448 0.218035
0.137931 0.422708
0.172414 0.607615
0.206897 0.764111
0.241379 0.884878
0.275862 0.964269
0.310345 0.998572
0.344828 0.986183
0.37931 0.927681
0.413793 0.825801
0.448276 0.685308
0.482759 0.512771
0.517241 0.316257
0.551724 0.104955
0.586207 -0.111254
0.62069 -0.322261
0.655172 -0.518199
0.689655 -0.689908
0.724138 -0.829356
0.758621 -0.930026
0.793103 -0.987208
0.827586 -0.998229
0.862069 -0.962574
0.896552 -0.881911
0.931034 -0.76001
0.965517 -0.602572
1 -0.416958
