0 0.915612
0.0344828 0.808461
0.0689655 0.663507
0.103448 0.487528
0.137931 0.288753
0.172414 0.0764766
0.206897 -0.139376
0.241379 -0.348712
0.275862 -0.541742
0.310345 -0.709441
0.344828 -0.843968
0.37931 -0.939031
0.413793 -0.990187
0.448276 -0.995042
0.482759 -0.95337
0.517241 -0.86712
0.551724 -0.740324
0.586207 -0.578911
0.62069 -0.39043
0.655172 -0.183692
0.689655 0.0316353
0.724138 0.245483
0.758621 0.447853
0.793103 0.629281
0.827586 0.781285
0.862069 0.896756
0.896552 0.970297
0.931034 0.998467
0.965517 0.979951
1 0.915612
