0 0.935711
0.0344828 0.838793
0.0689655 0.702654
0.103448 0.53366
0.137931 0.339713
0.172414 0.129881
0.206897 -0.086024
0.241379 -0.297907
0.275862 -0.49586
0.310345 -0.670627
0.344828 -0.814036
0.37931 -0.919382
0.413793 -0.981738
0.448276 -0.99819
0.482759 -0.967967
0.517241 -0.892484
0.551724 -0.775268
0.586207 -0.621802
0.62069 -0.439262
0.655172 -0.236182
0.689655 -0.0220578
0.724138 0.193097
0.758621 0.399223
0.793103 0.586682
0.827586 0.746708
0.862069 0.871819
0.896552 0.956165
0.931034 0.995802
0.965517 0.988875
1 0.935711
