0 0.953104
0.0344828 0.866699
0.0689655 0.739769
0.103448 0.578248
0.137931 0.389689
0.172414 0.182908
0.206897 -0.0324249
0.241379 -0.246242
0.275862 -0.448545
0.310345 -0.629875
0.344828 -0.781752
0.37931 -0.897076
0.413793 -0.970453
0.448276 -0.998453
0.482759 -0.979766
0.517241 -0.915267
0.551724 -0.807971
0.586207 -0.662895
0.62069 -0.486822
0.655172 -0.287987
0.689655 -0.0756854
0.724138 0.140155
0.758621 0.349442
0.793103 0.542389
0.827586 0.709975
0.862069 0.844363
0.896552 0.93927
0.931034 0.990258
0.965517 0.994942
1 0.953104
