0 0.967741
0.0344828 0.8921
0.0689655 0.774745
0.103448 0.621163
0.137931 0.438537
0.172414 0.235405
0.206897 0.0212663
0.241379 -0.193867
0.275862 -0.399936
0.310345 -0.587303
0.344828 -0.74721
0.37931 -0.872177
0.413793 -0.956363
0.448276 -0.99583
0.482759 -0.988733
0.517241 -0.935404
0.551724 -0.838337
0.586207 -0.70207
0.62069 -0.532974
0.655172 -0.338958
0.689655 -0.129093
0.724138 0.0868093
0.758621 0.298652
0.793103 0.49653
0.827586 0.671191
0.862069 0.814468
0.896552 0.919661
0.931034 0.981852
0.965517 0.998132
1 0.967741
