0 0.979581
0.0344828 0.914921
0.0689655 0.80748
0.103448 0.662282
0.137931 0.486116
0.172414 0.28722
0.206897 0.0748943
0.241379 -0.140934
0.275862 -0.350172
0.310345 -0.543036
0.344828 -0.710509
0.37931 -0.844759
0.413793 -0.939509
0.448276 -0.990328
0.482759 -0.994841
0.517241 -0.952837
0.551724 -0.866278
0.586207 -0.739214
0.62069 -0.577585
0.655172 -0.388948
0.689655 -0.182125
0.724138 0.0332144
0.758621 0.247001
0.793103 0.449237
0.827586 0.630468
0.862069 0.782219
0.896552 0.897394
0.931034 0.970608
0.965517 0.998438
1 0.979581
