0 0.988589
0.0344828 0.935097
0.0689655 0.83788
0.103448 0.701484
0.137931 0.532288
0.172414 0.338203
0.206897 0.128304
0.241379 -0.0875944
0.275862 -0.299397
0.310345 -0.4972
0.344828 -0.671755
0.37931 -0.814899
0.413793 -0.91994
0.448276 -0.981965
0.482759 -0.998074
0.517241 -0.967515
0.551724 -0.891715
0.586207 -0.77422
0.62069 -0.620524
0.655172 -0.437812
0.689655 -0.234629
0.724138 -0.0204748
0.758621 0.194637
0.793103 0.400647
0.827586 0.587924
0.862069 0.74771
0.896552 0.872534
0.931034 0.956559
0.965517 0.995857
1 0.988589
