0 0.99474
0.0344828 0.952569
0.0689655 0.865857
0.103448 0.738658
0.137931 0.576921
0.172414 0.388207
0.206897 0.181341
0.241379 -0.0340038
0.275862 -0.247759
0.310345 -0.449929
0.344828 -0.631061
0.37931 -0.782685
0.413793 -0.897712
0.448276 -0.970763
0.482759 -0.998422
0.517241 -0.979396
0.551724 -0.914574
0.586207 -0.806988
0.62069 -0.661668
0.655172 -0.485409
0.689655 -0.286453
0.724138 -0.0741031
0.758621 0.141712
0.793103 0.350901
0.827586 0.543682
0.862069 0.711041
0.896552 0.845153
0.931034 0.939746
0.965517 0.990398
1 0.99474
