0 0.998015
0.0344828 0.967287
0.0689655 0.89133
0.103448 0.773696
0.137931 0.619884
0.172414 0.437087
0.206897 0.233853
0.241379 0.0196834
0.275862 -0.195406
0.310345 -0.401359
0.344828 -0.588544
0.37931 -0.74821
0.413793 -0.872891
0.448276 -0.956756
0.482759 -0.995884
0.517241 -0.988446
0.551724 -0.934789
0.586207 -0.837422
0.62069 -0.700899
0.655172 -0.531602
0.689655 -0.337448
0.724138 -0.127516
0.758621 0.0883795
0.793103 0.300142
0.827586 0.49787
0.862069 0.672319
0.896552 0.81533
0.931034 0.920218
0.965517 0.982077
1 0.998015
