0 0.998405
0.0344828 0.97921
0.0689655 0.914227
0.103448 0.806496
0.137931 0.661054
0.172414 0.484702
0.206897 0.285686
0.241379 0.073312
0.275862 -0.14249
0.310345 -0.35163
0.344828 -0.544328
0.37931 -0.711574
0.413793 -0.845547
0.448276 -0.939984
0.482759 -0.990467
0.517241 -0.994638
0.551724 -0.952301
0.586207 -0.865435
0.62069 -0.738102
0.655172 -0.576256
0.689655 -0.387466
0.724138 -0.180558
0.758621 0.0347932
0.793103 0.248517
0.827586 0.450621
0.862069 0.631654
0.896552 0.783151
0.931034 0.89803
0.965517 0.970917
1 0.998405
