0 0.99591
0.0344828 0.988301
0.0689655 0.93448
0.103448 0.836964
0.137931 0.700313
0.172414 0.530915
0.206897 0.336693
0.241379 0.126727
0.275862 -0.0891644
0.310345 -0.300887
0.344828 -0.49854
0.37931 -0.672882
0.413793 -0.81576
0.448276 -0.920495
0.482759 -0.982188
0.517241 -0.997956
0.551724 -0.96706
0.586207 -0.890945
0.62069 -0.773171
0.655172 -0.619244
0.689655 -0.436362
0.724138 -0.233076
0.758621 -0.018892
0.793103 0.196176
0.827586 0.40207
0.862069 0.589164
0.896552 0.74871
0.931034 0.873247
0.965517 0.956951
1 0.99591
