0 -0.465189
0.0344828 -0.264054
0.0689655 -0.0505724
0.103448 0.165274
0.137931 0.373393
0.172414 0.564052
0.206897 0.728337
0.241379 0.858565
0.275862 0.948648
0.310345 0.994374
0.344828 0.993603
0.37931 0.946373
0.413793 0.854891
0.448276 0.723436
0.482759 0.558153
0.517241 0.366772
0.551724 0.158241
0.586207 -0.0576891
0.62069 -0.270922
0.655172 -0.471486
0.689655 -0.650005
0.724138 -0.79813
0.758621 -0.908935
0.793103 -0.97724
0.827586 -0.99985
0.862069 -0.975708
0.896552 -0.905943
0.931034 -0.793817
0.965517 -0.644573
1 -0.465189
