0 0.990536
0.0344828 0.994536
0.0689655 0.952032
0.103448 0.865012
0.137931 0.737545
0.172414 0.575592
0.206897 0.386724
0.241379 0.179774
0.275862 -0.0355824
0.310345 -0.249275
0.344828 -0.451312
0.37931 -0.632246
0.413793 -0.783617
0.448276 -0.898346
0.482759 -0.971071
0.517241 -0.998388
0.551724 -0.979023
0.586207 -0.913879
0.62069 -0.806004
0.655172 -0.66044
0.689655 -0.483995
0.724138 -0.284919
0.758621 -0.0725209
0.793103 0.143269
0.827586 0.352359
0.862069 0.544973
0.896552 0.712106
0.931034 0.84594
0.965517 0.94022
1 0.990536
