0 0.982299
0.0344828 0.997895
0.0689655 0.966831
0.103448 0.890559
0.137931 0.772645
0.172414 0.618603
0.206897 0.435637
0.241379 0.2323
0.275862 0.0181007
0.310345 -0.196945
0.344828 -0.402781
0.37931 -0.589784
0.413793 -0.749209
0.448276 -0.873602
0.482759 -0.957146
0.517241 -0.995936
0.551724 -0.988156
0.586207 -0.934171
0.62069 -0.836506
0.655172 -0.699726
0.689655 -0.530228
0.724138 -0.335937
0.758621 -0.125938
0.793103 0.0899493
0.827586 0.301631
0.862069 0.499209
0.896552 0.673444
0.931034 0.81619
0.965517 0.920772
1 0.982299
