0 0.971223
0.0344828 0.998371
0.0689655 0.978836
0.103448 0.913531
0.137931 0.805511
0.172414 0.659826
0.206897 0.483288
0.241379 0.284152
0.275862 0.0717298
0.310345 -0.144047
0.344828 -0.353088
0.37931 -0.545619
0.413793 -0.712637
0.448276 -0.846333
0.482759 -0.940456
0.517241 -0.990604
0.551724 -0.994433
0.586207 -0.951763
0.62069 -0.864589
0.655172 -0.736988
0.689655 -0.574927
0.724138 -0.385983
0.758621 -0.17899
0.793103 0.0363716
0.827586 0.250033
0.862069 0.452003
0.896552 0.632837
0.931034 0.784081
0.965517 0.898663
1 0.971223
