0 0.957341
0.0344828 0.99596
0.0689655 0.98801
0.103448 0.933862
0.137931 0.836047
0.172414 0.699139
0.206897 0.529541
0.241379 0.335182
0.275862 0.12515
0.310345 -0.090734
0.344828 -0.302375
0.37931 -0.499878
0.413793 -0.674006
0.448276 -0.816619
0.482759 -0.921048
0.517241 -0.98241
0.551724 -0.997835
0.586207 -0.966602
0.62069 -0.890173
0.655172 -0.772119
0.689655 -0.617963
0.724138 -0.434911
0.758621 -0.231523
0.793103 -0.0173094
0.827586 0.197714
0.862069 0.403492
0.896552 0.590403
0.931034 0.749708
0.965517 0.873957
1 0.957341
