0 0.940691
0.0344828 0.990671
0.0689655 0.994329
0.103448 0.951493
0.137931 0.864166
0.172414 0.736431
0.206897 0.574262
0.241379 0.385241
0.275862 0.178206
0.310345 -0.0371608
0.344828 -0.25079
0.37931 -0.452693
0.413793 -0.633429
0.448276 -0.784546
0.482759 -0.898978
0.517241 -0.971376
0.551724 -0.998353
0.586207 -0.978648
0.62069 -0.913182
0.655172 -0.805017
0.689655 -0.659211
0.724138 -0.48258
0.758621 -0.283385
0.793103 -0.0709387
0.827586 0.144825
0.862069 0.353816
0.896552 0.546263
0.931034 0.713168
0.965517 0.846726
1 0.940691
