0 0.921324
0.0344828 0.982519
0.0689655 0.997773
0.103448 0.966373
0.137931 0.889785
0.172414 0.771593
0.206897 0.617322
0.241379 0.434185
0.275862 0.230746
0.310345 0.0165181
0.344828 -0.198482
0.37931 -0.404202
0.413793 -0.591022
0.448276 -0.750206
0.482759 -0.874311
0.517241 -0.957535
0.551724 -0.995985
0.586207 -0.987864
0.62069 -0.933552
0.655172 -0.835587
0.689655 -0.698552
0.724138 -0.528853
0.758621 -0.334426
0.793103 -0.124361
0.827586 0.0915186
0.862069 0.303119
0.896552 0.500546
0.931034 0.674568
0.965517 0.817048
1 0.921324
