0 0.899293
0.0344828 0.971527
0.0689655 0.998334
0.103448 0.978459
0.137931 0.912833
0.172414 0.804523
0.206897 0.658595
0.241379 0.481872
0.275862 0.282617
0.310345 0.0701475
0.344828 -0.145602
0.37931 -0.354544
0.413793 -0.546908
0.448276 -0.713698
0.482759 -0.847117
0.517241 -0.940926
0.551724 -0.990738
0.586207 -0.994225
0.62069 -0.951222
0.655172 -0.863741
0.689655 -0.735873
0.724138 -0.573596
0.758621 -0.384499
0.793103 -0.177423
0.827586 0.0379498
0.862069 0.251548
0.896552 0.453383
0.931034 0.63402
0.965517 0.78501
1 0.899293
