0 0.874665
0.0344828 0.957728
0.0689655 0.996008
0.103448 0.987717
0.137931 0.933241
0.172414 0.835128
0.206897 0.697965
0.241379 0.528165
0.275862 0.33367
0.310345 0.123573
0.344828 -0.0923031
0.37931 -0.303863
0.413793 -0.501214
0.448276 -0.675129
0.482759 -0.817476
0.517241 -0.921599
0.551724 -0.982628
0.586207 -0.997711
0.62069 -0.966142
0.655172 -0.889398
0.689655 -0.771066
0.724138 -0.61668
0.758621 -0.433459
0.793103 -0.229969
0.827586 -0.0157269
0.862069 0.199251
0.896552 0.404912
0.931034 0.59164
0.965517 0.750703
1 0.874665
