0 0.847509
0.0344828 0.94116
0.0689655 0.990804
0.103448 0.99412
0.137931 0.950951
0.172414 0.863317
0.206897 0.735315
0.241379 0.572931
0.275862 0.383757
0.310345 0.176639
0.344828 -0.0387388
0.37931 -0.252305
0.413793 -0.454073
0.448276 -0.63461
0.482759 -0.785473
0.517241 -0.899608
0.551724 -0.971678
0.586207 -0.998314
0.62069 -0.97827
0.655172 -0.912483
0.689655 -0.804029
0.724138 -0.65798
0.758621 -0.481164
0.793103 -0.28185
0.827586 -0.0693564
0.862069 0.14638
0.896552 0.355272
0.931034 0.547551
0.965517 0.714228
1 0.847509
