0 0.817904
0.0344828 0.921873
0.0689655 0.982737
0.103448 0.997649
0.137931 0.965912
0.172414 0.88901
0.206897 0.770539
0.241379 0.616038
0.275862 0.432732
0.310345 0.229192
0.344828 0.0149357
0.37931 -0.200019
0.413793 -0.405622
0.448276 -0.592258
0.482759 -0.7512
0.517241 -0.875018
0.551724 -0.95792
0.586207 -0.996031
0.62069 -0.987569
0.655172 -0.93293
0.689655 -0.834667
0.724138 -0.697376
0.758621 -0.527477
0.793103 -0.332914
0.827586 -0.122784
0.862069 0.0930875
0.896552 0.304606
0.931034 0.501882
0.965517 0.67569
1 0.817904
