0 -0.0537426
0.0344828 0.162484
0.0689655 0.371114
0.103448 0.56239
0.137931 0.72737
0.172414 0.858339
0.206897 0.949172
0.241379 0.995624
0.275862 0.995521
0.310345 0.948869
0.344828 0.857849
0.37931 0.726716
0.413793 0.561604
0.448276 0.370231
0.482759 0.161547
0.517241 -0.0546914
0.551724 -0.268372
0.586207 -0.469504
0.62069 -0.648683
0.655172 -0.797529
0.689655 -0.909085
0.724138 -0.978132
0.758621 -1.00144
0.793103 -0.977928
0.827586 -0.908686
0.862069 -0.796954
0.896552 -0.647958
0.931034 -0.468665
0.965517 -0.267457
1 -0.0537426
