0 -0.518912
0.0344828 -0.319374
0.0689655 -0.104903
0.103448 0.114473
0.137931 0.328497
0.172414 0.527161
0.206897 0.701175
0.241379 0.842403
0.275862 0.944241
0.310345 1.00193
0.344828 1.01277
0.37931 0.976247
0.413793 0.89408
0.448276 0.770108
0.482759 0.610126
0.517241 0.421615
0.551724 0.21339
0.586207 -0.00481321
0.62069 -0.222791
0.655172 -0.430352
0.689655 -0.617789
0.724138 -0.77634
0.758621 -0.89859
0.793103 -0.978822
0.827586 -1.01329
0.862069 -1.00037
0.896552 -0.940678
0.931034 -0.837001
0.965517 -0.694186
1 -0.518912
