0 0.836421
0.0344828 0.989168
0.0689655 1.09566
0.103448 1.15092
0.137931 1.15237
0.172414 1.09993
0.206897 0.996064
0.241379 0.84562
0.275862 0.655636
0.310345 0.434995
0.344828 0.194014
0.37931 -0.0560383
0.413793 -0.303471
0.448276 -0.536713
0.482759 -0.74486
0.517241 -0.918177
0.551724 -1.04856
0.586207 -1.12992
0.62069 -1.15844
0.655172 -1.13279
0.689655 -1.05418
0.724138 -0.926272
0.758621 -0.755054
0.793103 -0.548531
0.827586 -0.316359
0.862069 -0.0693949
0.896552 0.180814
0.931034 0.422569
0.965517 0.644565
1 0.836421
