0 0.700072
0.0344828 0.883475
0.0689655 1.02557
0.103448 1.11971
0.137931 1.16149
0.172414 1.14896
0.206897 1.08271
0.241379 0.965831
0.275862 0.803791
0.310345 0.604168
0.344828 0.376294
0.37931 0.130825
0.413793 -0.120762
0.448276 -0.366701
0.482759 -0.595494
0.517241 -0.796443
0.551724 -0.96015
0.586207 -1.07896
0.62069 -1.14732
0.655172 -1.16204
0.689655 -1.12241
0.724138 -1.03031
0.758621 -0.890028
0.793103 -0.708131
0.827586 -0.493121
0.862069 -0.255054
0.896552 -0.00506115
0.931034 0.245169
0.965517 0.483935
1 0.700072
