0 0.876964
0.0344828 1.01863
0.0689655 1.11267
0.103448 1.15468
0.137931 1.1427
0.172414 1.07728
0.206897 0.961498
0.241379 0.800754
0.275862 0.602568
0.310345 0.376206
0.344828 0.132253
0.37931 -0.117883
0.413793 -0.362508
0.448276 -0.590182
0.482759 -0.79026
0.517241 -0.953386
0.551724 -1.07193
0.586207 -1.14036
0.62069 -1.15546
0.655172 -1.11653
0.689655 -1.0254
0.724138 -0.886322
0.758621 -0.705798
0.793103 -0.492273
0.827586 -0.255729
0.862069 -0.00722728
0.896552 0.241612
0.931034 0.479154
0.965517 0.694291
1 0.876964
