0 0.914864
0.0344828 1.04508
0.0689655 1.12642
0.103448 1.1551
0.137931 1.12976
0.172414 1.0516
0.206897 0.924262
0.241379 0.753711
0.275862 0.547917
0.310345 0.316503
0.344828 0.0702891
0.37931 -0.179211
0.413793 -0.420331
0.448276 -0.641798
0.482759 -0.833254
0.517241 -0.985748
0.551724 -1.09215
0.586207 -1.14748
0.62069 -1.14916
0.655172 -1.09711
0.689655 -0.993755
0.724138 -0.843934
0.758621 -0.654651
0.793103 -0.434758
0.827586 -0.194536
0.862069 0.0547821
0.896552 0.301539
0.931034 0.534196
0.965517 0.741875
1 0.914864
