0 0.598165
0.0344828 0.79955
0.0689655 0.963548
0.103448 1.08249
0.137931 1.15082
0.172414 1.16534
0.206897 1.12536
0.241379 1.03277
0.275862 0.891886
0.310345 0.709297
0.344828 0.493543
0.37931 0.254711
0.413793 0.0039686
0.448276 -0.246959
0.482759 -0.486339
0.517241 -0.702978
0.551724 -0.886747
0.586207 -1.02905
0.62069 -1.12324
0.655172 -1.16491
0.689655 -1.1521
0.724138 -1.08543
0.758621 -0.968003
0.793103 -0.805312
0.827586 -0.604966
0.862069 -0.376333
0.896552 -0.130102
0.931034 0.122212
0.965517 0.368811
1 0.598165
