0 0.747855
0.0344828 0.921501
0.0689655 1.05206
0.103448 1.13342
0.137931 1.16179
0.172414 1.13583
0.206897 1.05677
0.241379 0.928285
0.275862 0.756399
0.310345 0.549144
0.344828 0.316212
0.37931 0.0684949
0.413793 -0.182425
0.448276 -0.424816
0.482759 -0.647342
0.517241 -0.8396
0.551724 -0.992598
0.586207 -1.09918
0.62069 -1.15437
0.655172 -1.15559
0.689655 -1.10276
0.724138 -0.998378
0.758621 -0.847309
0.793103 -0.656621
0.827586 -0.43523
0.862069 -0.193488
0.896552 0.0573012
0.931034 0.305411
0.965517 0.53924
1 0.747855
