0 0.488753
0.0344828 0.705895
0.0689655 0.89003
0.103448 1.03255
0.137931 1.12679
0.172414 1.16834
0.206897 1.15526
0.241379 1.08816
0.275862 0.970178
0.310345 0.806834
0.344828 0.605764
0.37931 0.376368
0.413793 0.129375
0.448276 -0.123669
0.482759 -0.370929
0.517241 -0.600846
0.551724 -0.802667
0.586207 -0.966957
0.62069 -1.08603
0.655172 -1.15433
0.689655 -1.16865
0.724138 -1.12832
0.758621 -1.03524
0.793103 -0.893745
0.827586 -0.710464
0.862069 -0.493962
0.896552 -0.254363
0.931034 -0.0028697
0.965517 0.248757
1 0.488753
