0 0.544323
0.0344828 0.753877
0.0689655 0.92818
0.103448 1.05908
0.137931 1.14046
0.172414 1.16852
0.206897 1.14194
0.241379 1.06196
0.275862 0.93232
0.310345 0.75909
0.344828 0.550366
0.37931 0.315907
0.413793 0.0666773
0.448276 -0.18567
0.482759 -0.429337
0.517241 -0.652927
0.551724 -0.845988
0.586207 -0.999491
0.62069 -1.10626
0.655172 -1.1613
0.689655 -1.16204
0.724138 -1.10844
0.758621 -1.00302
0.793103 -0.850692
0.827586 -0.658589
0.862069 -0.435691
0.896552 -0.19242
0.931034 0.0598474
0.965517 0.309317
1 0.544323
