0 0.793346
0.0344828 0.956763
0.0689655 1.07544
0.103448 1.14384
0.137931 1.15874
0.172414 1.11947
0.206897 1.02785
0.241379 0.888174
0.275862 0.706964
0.310345 0.492698
0.344828 0.255394
0.37931 0.00614737
0.413793 -0.243386
0.448276 -0.48154
0.482759 -0.697177
0.517241 -0.880214
0.551724 -1.02209
0.586207 -1.11618
0.62069 -1.15808
0.655172 -1.14582
0.689655 -1.07999
0.724138 -0.963663
0.758621 -0.802272
0.793103 -0.603368
0.827586 -0.376251
0.862069 -0.131542
0.896552 0.119319
0.931034 0.3646
0.965517 0.592833
1 0.793346
