0 0.65013
0.0344828 0.842788
0.0689655 0.996039
0.103448 1.10272
0.137931 1.15783
0.172414 1.15881
0.206897 1.1056
0.241379 1.0007
0.275862 0.848999
0.310345 0.657605
0.344828 0.435462
0.37931 0.192957
0.413793 -0.0585709
0.448276 -0.30736
0.482759 -0.541777
0.517241 -0.750861
0.551724 -0.924835
0.586207 -1.05557
0.62069 -1.13694
0.655172 -1.16515
0.689655 -1.13888
0.724138 -1.05936
0.758621 -0.930301
0.793103 -0.757744
0.827586 -0.549756
0.862069 -0.316062
0.896552 -0.067589
0.931034 0.184044
0.965517 0.427072
1 0.65013
