0 0.373057
0.0344828 0.603537
0.0689655 0.805796
0.103448 0.970377
0.137931 1.08958
0.172414 1.15784
0.206897 1.17196
0.241379 1.13128
0.275862 1.03771
0.310345 0.895607
0.344828 0.711631
0.37931 0.494379
0.413793 0.25401
0.448276 0.00176441
0.482759 -0.250564
0.517241 -0.491176
0.551724 -0.708821
0.586207 -0.893323
0.62069 -1.03605
0.655172 -1.13034
0.689655 -1.17177
0.724138 -1.15841
0.758621 -1.09089
0.793103 -0.972357
0.827586 -0.808358
0.862069 -0.60656
0.896552 -0.376401
0.931034 -0.128641
0.965517 0.125133
1 0.373057
