0 0.00159002
0.0344828 0.256032
0.0689655 0.498503
0.103448 0.717664
0.137931 0.903267
0.172414 1.04664
0.206897 1.14106
0.241379 1.18214
0.275862 1.16794
0.310345 1.09912
0.344828 0.978916
0.37931 0.812936
0.413793 0.608944
0.448276 0.376478
0.482759 0.126409
0.517241 -0.129571
0.551724 -0.379492
0.586207 -0.611669
0.62069 -0.815245
0.655172 -0.9807
0.689655 -1.1003
0.724138 -1.16845
0.758621 -1.18197
0.793103 -1.14021
0.827586 -1.04515
0.862069 -0.901209
0.896552 -0.715132
0.931034 -0.495617
0.965517 -0.252927
1 0.00159002
