0 -0.565764
0.0344828 -0.371126
0.0689655 -0.159134
0.103448 0.0602982
0.137931 0.276911
0.172414 0.480576
0.206897 0.66177
0.241379 0.81202
0.275862 0.9243
0.310345 0.993362
0.344828 1.01598
0.37931 0.991082
0.413793 0.919848
0.448276 0.805602
0.482759 0.653687
0.517241 0.471207
0.551724 0.266693
0.586207 0.0497094
0.62069 -0.169599
0.655172 -0.380977
0.689655 -0.574541
0.724138 -0.74124
0.758621 -0.873279
0.793103 -0.964485
0.827586 -1.01059
0.862069 -1.00945
0.896552 -0.961099
0.931034 -0.867812
0.965517 -0.733947
1 -0.565764
