0 0.0650221
0.0344828 0.31723
0.0689655 0.554605
0.103448 0.766047
0.137931 0.941669
0.172414 1.07326
0.206897 1.15467
0.241379 1.18208
0.275862 1.15423
0.310345 1.0724
0.344828 0.940426
0.37931 0.764481
0.413793 0.55279
0.448276 0.315251
0.482759 0.0629713
0.517241 -0.192253
0.551724 -0.438488
0.586207 -0.664219
0.62069 -0.858893
0.655172 -1.01341
0.689655 -1.12053
0.724138 -1.17526
0.758621 -1.17504
0.793103 -1.11988
0.827586 -1.01235
0.862069 -0.85748
0.896552 -0.662519
0.931034 -0.43658
0.965517 -0.190226
1 0.0650221
