0 0.252378
0.0344828 0.493609
0.0689655 0.711758
0.103448 0.896627
0.137931 1.03957
0.172414 1.1339
0.206897 1.17522
0.241379 1.16158
0.275862 1.09363
0.310345 0.97454
0.344828 0.809882
0.37931 0.607356
0.413793 0.37643
0.448276 0.127903
0.482759 -0.126605
0.517241 -0.375193
0.551724 -0.606237
0.586207 -0.808935
0.62069 -0.973807
0.655172 -1.09315
0.689655 -1.16137
0.724138 -1.17529
0.758621 -1.13425
0.793103 -1.04018
0.827586 -0.897472
0.862069 -0.712798
0.896552 -0.494793
0.931034 -0.253653
0.965517 -0.000652714
1 0.252378
