0 0.313256
0.0344828 0.549444
0.0689655 0.759941
0.103448 0.934903
0.137931 1.06615
0.172414 1.14755
0.206897 1.17528
0.241379 1.14807
0.275862 1.06717
0.310345 0.936367
0.344828 0.761784
0.37931 0.551581
0.413793 0.315587
0.448276 0.0648362
0.482759 -0.188946
0.517241 -0.433894
0.551724 -0.658553
0.586207 -0.852419
0.62069 -1.00643
0.655172 -1.11337
0.689655 -1.16826
0.724138 -1.16852
0.758621 -1.11415
0.793103 -1.00767
0.827586 -0.854082
0.862069 -0.660555
0.896552 -0.436141
0.931034 -0.191333
0.965517 0.062421
1 0.313256
