0 -0.0620298
0.0344828 0.193918
0.0689655 0.440799
0.103448 0.667068
0.137931 0.862146
0.172414 1.01691
0.206897 1.12413
0.241379 1.17878
0.275862 1.17831
0.310345 1.12275
0.344828 1.01469
0.37931 0.859182
0.413793 0.663501
0.448276 0.436795
0.482759 0.189665
0.517241 -0.066333
0.551724 -0.31923
0.586207 -0.5572
0.62069 -0.769116
0.655172 -0.945068
0.689655 -1.07683
0.724138 -1.15824
0.758621 -1.1855
0.793103 -1.15732
0.827586 -1.07502
0.862069 -0.94246
0.896552 -0.765831
0.931034 -0.553392
0.965517 -0.315077
1 -0.0620298
