0 -0.125654
0.0344828 0.131065
0.0689655 0.381655
0.103448 0.6144
0.137931 0.818416
0.172414 0.984163
0.206897 1.10389
0.241379 1.17201
0.275862 1.18532
0.310345 1.1432
0.344828 1.04764
0.37931 0.903081
0.413793 0.716299
0.448276 0.496025
0.482759 0.252556
0.517241 -0.00272111
0.551724 -0.257871
0.586207 -0.500964
0.62069 -0.720632
0.655172 -0.906604
0.689655 -1.05018
0.724138 -1.14466
0.758621 -1.18561
0.793103 -1.17112
0.827586 -1.10188
0.862069 -0.981109
0.896552 -0.814465
0.931034 -0.609736
0.965517 -0.376498
1 -0.125654
