0 0.190596
0.0344828 0.436186
0.0689655 0.661381
0.103448 0.85565
0.137931 1.00991
0.172414 1.11695
0.206897 1.17176
0.241379 1.17178
0.275862 1.11701
0.310345 1.01001
0.344828 0.85578
0.37931 0.661537
0.413793 0.436362
0.448276 0.190782
0.482759 -0.0637181
0.517241 -0.315239
0.551724 -0.55202
0.586207 -0.762988
0.62069 -0.938281
0.655172 -1.0697
0.689655 -1.1511
0.724138 -1.17868
0.758621 -1.15114
0.793103 -1.06978
0.827586 -0.938395
0.862069 -0.763132
0.896552 -0.552186
0.931034 -0.315421
0.965517 -0.0639067
1 0.190596
