0 0.431611
0.0344828 0.655735
0.0689655 0.849198
0.103448 1.00295
0.137931 1.10981
0.172414 1.16478
0.206897 1.16528
0.241379 1.11129
0.275862 1.00534
0.310345 0.852386
0.344828 0.659572
0.37931 0.435917
0.413793 0.191879
0.448276 -0.0611308
0.482759 -0.311282
0.517241 -0.546879
0.551724 -0.756903
0.586207 -0.931536
0.62069 -1.06261
0.655172 -1.144
0.689655 -1.1719
0.724138 -1.145
0.758621 -1.06456
0.793103 -0.934342
0.827586 -0.760437
0.862069 -0.550974
0.896552 -0.315749
0.931034 -0.0657597
0.965517 0.187305
1 0.431611
