0 0.128084
0.0344828 0.377338
0.0689655 0.608948
0.103448 0.812084
0.137931 0.977248
0.172414 1.09672
0.206897 1.16491
0.241379 1.17862
0.275862 1.13723
0.310345 1.04266
0.344828 0.899339
0.37931 0.713965
0.413793 0.495206
0.448276 0.253292
0.482759 -0.00046542
0.517241 -0.254201
0.551724 -0.496051
0.586207 -0.714706
0.62069 -0.899942
0.655172 -1.0431
0.689655 -1.13748
0.724138 -1.17867
0.758621 -1.16475
0.793103 -1.09637
0.827586 -0.976726
0.862069 -0.811408
0.896552 -0.60815
0.931034 -0.376456
0.965517 -0.127159
1 0.128084
