0 -0.376526
0.0344828 -0.124128
0.0689655 0.134075
0.103448 0.386008
0.137931 0.619892
0.172414 0.82479
0.206897 0.991122
0.241379 1.11111
0.275862 1.17914
0.310345 1.19204
0.344828 1.1492
0.37931 1.05263
0.413793 0.906832
0.448276 0.718635
0.482759 0.496835
0.517241 0.251803
0.551724 -0.00500287
0.586207 -0.261575
0.62069 -0.505915
0.655172 -0.7266
0.689655 -0.91331
0.724138 -1.05731
0.758621 -1.15188
0.793103 -1.19258
0.827586 -1.17753
0.862069 -1.10741
0.896552 -0.985507
0.931034 -0.817526
0.965517 -0.611318
1 -0.376526
