0 -0.668402
0.0344828 -0.43783
0.0689655 -0.186786
0.103448 0.0729928
0.137931 0.329358
0.172414 0.570323
0.206897 0.78462
0.241379 0.96223
0.275862 1.09485
0.310345 1.17627
0.344828 1.20269
0.37931 1.17288
0.413793 1.08822
0.448276 0.952678
0.482759 0.77259
0.517241 0.556378
0.551724 0.314149
0.586207 0.0572319
0.62069 -0.202362
0.655172 -0.452493
0.689655 -0.681467
0.724138 -0.878575
0.758621 -1.0346
0.793103 -1.14225
0.827586 -1.19649
0.862069 -1.19479
0.896552 -1.13721
0.931034 -1.02647
0.965517 -0.867721
1 -0.668402
