0 -0.314718
0.0344828 -0.0601289
0.0689655 0.197272
0.103448 0.445448
0.137931 0.672796
0.172414 0.868685
0.206897 1.02395
0.241379 1.13135
0.275862 1.18584
0.310345 1.18488
0.344828 1.12852
0.37931 1.01939
0.413793 0.862592
0.448276 0.665463
0.482759 0.437218
0.517241 0.188529
0.551724 -0.0689758
0.586207 -0.323255
0.62069 -0.562419
0.655172 -0.775285
0.689655 -0.9519
0.724138 -1.084
0.758621 -1.16542
0.793103 -1.19235
0.827586 -1.16352
0.862069 -1.08028
0.896552 -0.946538
0.931034 -0.768533
0.965517 -0.554591
1 -0.314718
