0 -0.611116
0.0344828 -0.421954
0.0689655 -0.213062
0.103448 0.00579253
0.137931 0.224376
0.172414 0.432469
0.206897 0.620339
0.241379 0.779203
0.275862 0.901633
0.310345 0.981903
0.344828 1.01626
0.37931 1.0031
0.413793 0.943033
0.448276 0.838872
0.482759 0.695487
0.517241 0.519581
0.551724 0.31938
0.586207 0.104246
0.62069 -0.115763
0.655172 -0.330359
0.689655 -0.529508
0.724138 -0.703897
0.758621 -0.845374
0.793103 -0.947321
0.827586 -1.00497
0.862069 -1.01563
0.896552 -0.978803
0.931034 -0.896206
0.965517 -0.771703
1 -0.611116
