0 -0.437425
0.0344828 -0.187953
0.0689655 0.0703078
0.103448 0.325281
0.137931 0.565044
0.172414 0.778386
0.206897 0.955332
0.241379 1.08761
0.275862 1.16903
0.310345 1.19579
0.344828 1.16663
0.37931 1.08292
0.413793 0.948582
0.448276 0.769885
0.482759 0.555189
0.517241 0.314533
0.551724 0.0591693
0.586207 -0.198961
0.62069 -0.447787
0.655172 -0.675676
0.689655 -0.871971
0.724138 -1.02749
0.758621 -1.13497
0.793103 -1.18938
0.827586 -1.18817
0.862069 -1.13141
0.896552 -1.02174
0.931034 -0.8643
0.965517 -0.666443
1 -0.437425
