0 -0.612896
0.0344828 -0.37654
0.0689655 -0.122579
0.103448 0.137115
0.137931 0.390397
0.172414 0.625425
0.206897 0.831208
0.241379 0.998125
0.275862 1.11837
0.310345 1.18632
0.344828 1.1988
0.37931 1.15523
0.413793 1.05764
0.448276 0.910594
0.482759 0.720971
0.517241 0.497635
0.551724 0.251031
0.586207 -0.00731092
0.62069 -0.265311
0.655172 -0.510906
0.689655 -0.732611
0.724138 -0.92006
0.758621 -1.06449
0.793103 -1.15914
0.827586 -1.1996
0.862069 -1.18396
0.896552 -1.11296
0.931034 -0.989919
0.965517 -0.820593
1 -0.612896
