0 -0.722139
0.0344828 -0.498032
0.0689655 -0.250638
0.103448 0.00847487
0.137931 0.267192
0.172414 0.513415
0.206897 0.735632
0.241379 0.923451
0.275862 1.06809
0.310345 1.16279
0.344828 1.20311
0.37931 1.18718
0.413793 1.11574
0.448276 0.992131
0.482759 0.822128
0.517241 0.613683
0.551724 0.376543
0.586207 0.121796
0.62069 -0.138646
0.655172 -0.392605
0.689655 -0.628206
0.724138 -0.834433
0.758621 -1.00164
0.793103 -1.12202
0.827586 -1.18993
0.862069 -1.2022
0.896552 -1.15825
0.931034 -1.06015
0.965517 -0.912478
1 -0.722139
