0 -0.1891
0.0344828 0.0676509
0.0689655 0.321238
0.103448 0.559805
0.137931 0.772195
0.172414 0.948479
0.206897 1.08041
0.241379 1.16183
0.275862 1.18892
0.310345 1.16041
0.344828 1.07765
0.37931 0.944498
0.413793 0.767181
0.448276 0.553993
0.482759 0.3149
0.517241 0.0610824
0.551724 -0.195591
0.586207 -0.443119
0.62069 -0.669927
0.655172 -0.86541
0.689655 -1.02043
0.724138 -1.12773
0.758621 -1.1823
0.793103 -1.18159
0.827586 -1.12563
0.862069 -1.01704
0.896552 -0.860886
0.931034 -0.664482
0.965517 -0.437008
1 -0.1891
