0 -0.555784
0.0344828 -0.314343
0.0689655 -0.0582037
0.103448 0.200657
0.137931 0.450136
0.172414 0.678566
0.206897 0.875268
0.241379 1.03104
0.275862 1.13861
0.310345 1.19293
0.344828 1.19148
0.37931 1.13431
0.413793 1.0241
0.448276 0.866009
0.482759 0.667423
0.517241 0.437629
0.551724 0.187372
0.586207 -0.0716468
0.62069 -0.327315
0.655172 -0.567679
0.689655 -0.781498
0.724138 -0.958775
0.758621 -1.09122
0.793103 -1.17264
0.827586 -1.19923
0.862069 -1.16975
0.896552 -1.08557
0.931034 -0.950628
0.965517 -0.771237
1 -0.555784
