0 -0.252182
0.0344828 0.00385872
0.0689655 0.259719
0.103448 0.503435
0.137931 0.723611
0.172414 0.909952
0.206897 1.05374
0.241379 1.14826
0.275862 1.18909
0.310345 1.17432
0.344828 1.10464
0.37931 0.983306
0.413793 0.815995
0.448276 0.610528
0.482759 0.376513
0.517241 0.124894
0.551724 -0.132566
0.586207 -0.383827
0.62069 -0.617141
0.655172 -0.821597
0.689655 -0.987637
0.724138 -1.1075
0.758621 -1.17557
0.793103 -1.18868
0.827586 -1.1462
0.862069 -1.05013
0.896552 -0.904955
0.931034 -0.717467
0.965517 -0.496431
1 -0.252182
