0 -0.497236
0.0344828 -0.251419
0.0689655 0.00615359
0.103448 0.263439
0.137931 0.508406
0.172414 0.7296
0.206897 0.916679
0.241379 1.0609
0.275862 1.15551
0.310345 1.19609
0.344828 1.18074
0.37931 1.11018
0.413793 0.987712
0.448276 0.819059
0.482759 0.612108
0.517241 0.376535
0.551724 0.123356
0.586207 -0.135591
0.62069 -0.388198
0.655172 -0.622653
0.689655 -0.827994
0.724138 -0.994618
0.758621 -1.11474
0.793103 -1.18273
0.827586 -1.19542
0.862069 -1.15221
0.896552 -1.05513
0.931034 -0.908712
0.965517 -0.719803
1 -0.497236
