0 -0.958844
0.0344828 -0.776654
0.0689655 -0.558149
0.103448 -0.313545
0.137931 -0.0542795
0.172414 0.207524
0.206897 0.459623
0.241379 0.690231
0.275862 0.888565
0.310345 1.04535
0.344828 1.15326
0.37931 1.20724
0.413793 1.20477
0.448276 1.14597
0.482759 1.03358
0.517241 0.872866
0.551724 0.671337
0.586207 0.438417
0.62069 0.184996
0.655172 -0.0770739
0.689655 -0.33554
0.724138 -0.578317
0.758621 -0.794053
0.793103 -0.972659
0.827586 -1.10579
0.862069 -1.18721
0.896552 -1.21311
0.931034 -1.1823
0.965517 -1.0962
1 -0.958844
