0 -0.871149
0.0344828 -0.670359
0.0689655 -0.438224
0.103448 -0.185598
0.137931 0.0757064
0.172414 0.333471
0.206897 0.575642
0.241379 0.790898
0.275862 0.969172
0.310345 1.10213
0.344828 1.18355
0.37931 1.20963
0.413793 1.17915
0.448276 1.09353
0.482759 0.956786
0.517241 0.775299
0.551724 0.55756
0.586207 0.31375
0.62069 0.0552698
0.655172 -0.205795
0.689655 -0.457237
0.724138 -0.687299
0.758621 -0.885224
0.793103 -1.04176
0.827586 -1.14958
0.862069 -1.20365
0.896552 -1.20143
0.931034 -1.14304
0.965517 -1.0312
1 -0.871149
