0 -0.654835
0.0344828 -0.471711
0.0689655 -0.266531
0.103448 -0.0488873
0.137931 0.171042
0.172414 0.382973
0.206897 0.576997
0.241379 0.744042
0.275862 0.876295
0.310345 0.967574
0.344828 1.01361
0.37931 1.01225
0.413793 0.963561
0.448276 0.869815
0.482759 0.735398
0.517241 0.566594
0.551724 0.371297
0.586207 0.158639
0.62069 -0.0614374
0.655172 -0.278641
0.689655 -0.482816
0.724138 -0.664414
0.758621 -0.814946
0.793103 -0.927371
0.827586 -0.996434
0.862069 -1.0189
0.896552 -0.993732
0.931034 -0.922094
0.965517 -0.807339
1 -0.654835
