0 -0.916255
0.0344828 -0.724475
0.0689655 -0.498819
0.103448 -0.249839
0.137931 0.0108228
0.172414 0.270979
0.206897 0.518464
0.241379 0.741707
0.275862 0.930268
0.310345 1.07533
0.344828 1.17011
0.37931 1.21018
0.413793 1.19366
0.448276 1.12133
0.482759 0.996565
0.517241 0.825202
0.551724 0.615254
0.586207 0.376536
0.62069 0.120213
0.655172 -0.141732
0.689655 -0.397049
0.724138 -0.633801
0.758621 -0.840917
0.793103 -1.00871
0.827586 -1.12934
0.862069 -1.19716
0.896552 -1.20901
0.931034 -1.16432
0.965517 -1.06519
1 -0.916255
