0 -0.773944
0.0344828 -0.55697
0.0689655 -0.313952
0.103448 -0.0562539
0.137931 0.204074
0.172414 0.45486
0.206897 0.684378
0.241379 0.881894
0.275862 1.03817
0.310345 1.14591
0.344828 1.20007
0.37931 1.19811
0.413793 1.14013
0.448276 1.02883
0.482759 0.869434
0.517241 0.669381
0.551724 0.438029
0.586207 0.186194
0.62069 -0.074346
0.655172 -0.33141
0.689655 -0.572978
0.724138 -0.787754
0.758621 -0.965695
0.793103 -1.09848
0.827586 -1.1799
0.862069 -1.20616
0.896552 -1.17601
0.931034 -1.09087
0.965517 -0.95473
1 -0.773944
