0 -1.12975
0.0344828 -1.00324
0.0689655 -0.829823
0.103448 -0.617601
0.137931 -0.376501
0.172414 -0.117796
0.206897 0.146417
0.241379 0.403784
0.275862 0.64227
0.310345 0.850725
0.344828 1.0194
0.37931 1.14041
0.413793 1.20809
0.448276 1.21929
0.482759 1.17347
0.517241 1.07279
0.551724 0.921938
0.586207 0.72798
0.62069 0.499982
0.655172 0.248606
0.689655 -0.014395
0.724138 -0.276723
0.758621 -0.526111
0.793103 -0.750899
0.827586 -0.940576
0.862069 -1.08627
0.896552 -1.18118
0.931034 -1.22085
0.965517 -1.20344
1 -1.12975
