0 -0.998788
0.0344828 -0.826741
0.0689655 -0.616037
0.103448 -0.376528
0.137931 -0.119413
0.172414 0.143286
0.206897 0.399285
0.241379 0.636613
0.275862 0.844175
0.310345 1.01226
0.344828 1.13302
0.37931 1.2008
0.413793 1.21243
0.448276 1.16737
0.482759 1.06772
0.517241 0.918147
0.551724 0.725643
0.586207 0.499209
0.62069 0.249433
0.655172 -0.0120068
0.689655 -0.272885
0.724138 -0.521003
0.758621 -0.74476
0.793103 -0.933693
0.827586 -1.07897
0.862069 -1.17379
0.896552 -1.21373
0.931034 -1.19691
0.965517 -1.12413
1 -0.998788
