0 -0.823664
0.0344828 -0.614469
0.0689655 -0.376541
0.103448 -0.121007
0.137931 0.140185
0.172414 0.394822
0.206897 0.630998
0.241379 0.83767
0.275862 1.00517
0.310345 1.12567
0.344828 1.19354
0.37931 1.2056
0.413793 1.16128
0.448276 1.06267
0.482759 0.914365
0.517241 0.723307
0.551724 0.498427
0.586207 0.250241
0.62069 -0.00964548
0.655172 -0.269081
0.689655 -0.515935
0.724138 -0.738664
0.758621 -0.926854
0.793103 -1.07171
0.827586 -1.16645
0.862069 -1.20664
0.896552 -1.19042
0.931034 -1.11853
0.965517 -0.994346
1 -0.823664
