0 -1.03596
0.0344828 -0.874585
0.0689655 -0.672314
0.103448 -0.438606
0.137931 -0.18439
0.172414 0.0784486
0.206897 0.337619
0.241379 0.581002
0.275862 0.797219
0.310345 0.976158
0.344828 1.10945
0.37931 1.19087
0.413793 1.21661
0.448276 1.18545
0.482759 1.09887
0.517241 0.960906
0.551724 0.77801
0.586207 0.558735
0.62069 0.313335
0.655172 0.0532829
0.689655 -0.20926
0.724138 -0.462019
0.758621 -0.693174
0.793103 -0.891917
0.827586 -1.04895
0.862069 -1.15694
0.896552 -1.21084
0.931034 -1.20811
0.965517 -1.1489
1 -1.03596
