0 -1.10155
0.0344828 -0.962971
0.0689655 -0.779367
0.103448 -0.55932
0.137931 -0.313121
0.172414 -0.0522801
0.206897 0.211005
0.241379 0.464424
0.275862 0.696127
0.310345 0.89528
0.344828 1.05257
0.37931 1.16064
0.413793 1.21445
0.448276 1.21146
0.482759 1.15183
0.517241 1.03835
0.551724 0.876306
0.586207 0.67329
0.62069 0.438793
0.655172 0.183778
0.689655 -0.0798305
0.724138 -0.339706
0.758621 -0.583697
0.793103 -0.800395
0.827586 -0.979668
0.862069 -1.11313
0.896552 -1.19455
0.931034 -1.22011
0.965517 -1.18862
1 -1.10155
