0 -1.07025
0.0344828 -0.920041
0.0689655 -0.726811
0.103448 -0.499597
0.137931 -0.249022
0.172414 0.0131975
0.206897 0.2748
0.241379 0.523552
0.275862 0.747824
0.310345 0.937129
0.344828 1.08261
0.37931 1.17748
0.413793 1.21728
0.448276 1.20017
0.482759 1.12694
0.517241 1.00101
0.551724 0.828282
0.586207 0.61682
0.62069 0.376516
0.655172 0.118607
0.689655 -0.144848
0.724138 -0.40153
0.758621 -0.639437
0.793103 -0.847444
0.827586 -1.01583
0.862069 -1.13671
0.896552 -1.20444
0.931034 -1.21585
0.965517 -1.17042
1 -1.07025
