0 -0.696788
0.0344828 -0.520249
0.0689655 -0.319383
0.103448 -0.103584
0.137931 0.117059
0.172414 0.332229
0.206897 0.531864
0.241379 0.706629
0.275862 0.848354
0.310345 0.95041
0.344828 1.00803
0.37931 1.01851
0.413793 0.981366
0.448276 0.898336
0.482759 0.773301
0.517241 0.612107
0.551724 0.422292
0.586207 0.212731
0.62069 -0.00677746
0.655172 -0.225969
0.689655 -0.434594
0.724138 -0.622898
0.758621 -0.782076
0.793103 -0.904685
0.827586 -0.984992
0.862069 -1.01924
0.896552 -1.00583
0.931034 -0.945393
0.965517 -0.840747
1 -0.696788
