0 -1.22651
0.0344828 -1.2366
0.0689655 -1.18887
0.103448 -1.08554
0.137931 -0.931458
0.172414 -0.733821
0.206897 -0.501872
0.241379 -0.246455
0.275862 0.020485
0.310345 0.286468
0.344828 0.539055
0.37931 0.766437
0.413793 0.957982
0.448276 1.10473
0.482759 1.19983
0.517241 1.23882
0.551724 1.21988
0.586207 1.14391
0.62069 1.01445
0.655172 0.83755
0.689655 0.62149
0.724138 0.37637
0.758621 0.113651
0.793103 -0.154381
0.827586 -0.415195
0.862069 -0.656595
0.896552 -0.867294
0.931034 -1.03744
0.965517 -1.15907
1 -1.22651
