0 -1.19496
0.0344828 -1.10692
0.0689655 -0.967109
0.103448 -0.782082
0.137931 -0.560485
0.172414 -0.312681
0.206897 -0.0502556
0.241379 0.214519
0.275862 0.469264
0.310345 0.702066
0.344828 0.90204
0.37931 1.05984
0.413793 1.16807
0.448276 1.2217
0.482759 1.21819
0.517241 1.15773
0.551724 1.04313
0.586207 0.879753
0.62069 0.675242
0.655172 0.439157
0.689655 0.182538
0.724138 -0.0826161
0.758621 -0.343907
0.793103 -0.589118
0.827586 -0.806782
0.862069 -0.986722
0.896552 -1.12052
0.931034 -1.20193
0.965517 -1.22714
1 -1.19496
