0 -1.17654
0.0344828 -1.07533
0.0689655 -0.923837
0.103448 -0.729148
0.137931 -0.500365
0.172414 -0.248185
0.206897 0.0155993
0.241379 0.278654
0.275862 0.52868
0.310345 0.753985
0.344828 0.944034
0.37931 1.08994
0.413793 1.18489
0.448276 1.22442
0.482759 1.20671
0.517241 1.13257
0.551724 1.00548
0.586207 0.831366
0.62069 0.618381
0.655172 0.376482
0.689655 0.116979
0.724138 -0.147994
0.758621 -0.406047
0.793103 -0.645114
0.827586 -0.854016
0.862069 -1.02299
0.896552 -1.14412
0.931034 -1.21176
0.965517 -1.22274
1 -1.17654
