0 -1.15478
0.0344828 -1.04073
0.0689655 -0.878028
0.103448 -0.674266
0.137931 -0.438977
0.172414 -0.183161
0.206897 0.0812197
0.241379 0.341802
0.275862 0.586403
0.310345 0.803583
0.344828 0.983189
0.37931 1.11682
0.413793 1.19823
0.448276 1.22362
0.482759 1.19179
0.517241 1.10423
0.551724 0.965039
0.586207 0.780724
0.62069 0.559904
0.655172 0.312903
0.689655 0.051271
0.724138 -0.212758
0.758621 -0.466839
0.793103 -0.699091
0.827586 -0.898654
0.862069 -1.0562
0.896552 -1.16435
0.931034 -1.21807
0.965517 -1.21482
1 -1.15478
