0 -1.20999
0.0344828 -1.1354
0.0689655 -1.00771
0.103448 -0.83291
0.137931 -0.61916
0.172414 -0.376459
0.206897 -0.116156
0.241379 0.149579
0.275862 0.40832
0.310345 0.647969
0.344828 0.857319
0.37931 1.02658
0.413793 1.14784
0.448276 1.21543
0.482759 1.22619
0.517241 1.17961
0.551724 1.07787
0.586207 0.925739
0.62069 0.730316
0.655172 0.500745
0.689655 0.24776
0.724138 -0.0168104
0.758621 -0.280595
0.793103 -0.531259
0.827586 -0.757082
0.862069 -0.947504
0.896552 -1.09362
0.931034 -1.1886
0.965517 -1.22801
1 -1.20999
