0 -1.23264
0.0344828 -1.22835
0.0689655 -1.16661
0.103448 -1.05033
0.137931 -0.884937
0.172414 -0.678164
0.206897 -0.439681
0.241379 -0.180639
0.275862 0.0868496
0.310345 0.350277
0.344828 0.597326
0.37931 0.816445
0.413793 0.997388
0.448276 1.13169
0.482759 1.21308
0.517241 1.23775
0.551724 1.20454
0.586207 1.11501
0.62069 0.97334
0.655172 0.786159
0.689655 0.562219
0.724138 0.311989
0.758621 0.0471713
0.793103 -0.219852
0.827586 -0.476596
0.862069 -0.711054
0.896552 -0.912264
0.931034 -1.07082
0.965517 -1.1793
1 -1.23264
