0 -1.22157
0.0344828 -1.16068
0.0689655 -1.04552
0.103448 -0.881479
0.137931 -0.676217
0.172414 -0.439335
0.206897 -0.18191
0.241379 0.0840199
0.275862 0.346022
0.310345 0.591844
0.344828 0.809992
0.37931 0.990266
0.413793 1.12424
0.448276 1.20564
0.482759 1.23067
0.517241 1.19815
0.551724 1.10961
0.586207 0.969183
0.62069 0.78344
0.655172 0.561065
0.689655 0.312454
0.724138 0.0492339
0.758621 -0.216289
0.793103 -0.471698
0.827586 -0.705051
0.862069 -0.905437
0.896552 -1.06349
0.931034 -1.17181
0.965517 -1.22533
1 -1.22157
