0 -1.2342
0.0344828 -1.20134
0.0689655 -1.11231
0.103448 -0.97126
0.137931 -0.7848
0.172414 -0.561643
0.206897 -0.312224
0.241379 -0.0482058
0.275862 0.218066
0.310345 0.474142
0.344828 0.708047
0.37931 0.908845
0.413793 1.06715
0.448276 1.17555
0.482759 1.22898
0.517241 1.22495
0.551724 1.16364
0.586207 1.04793
0.62069 0.883207
0.655172 0.677191
0.689655 0.43951
0.724138 0.181277
0.758621 -0.0854311
0.793103 -0.348145
0.827586 -0.59458
0.862069 -0.813213
0.896552 -0.993821
0.931034 -1.12796
0.965517 -1.20936
1 -1.2342
