0 -1.23521
0.0344828 -1.21658
0.0689655 -1.14107
0.103448 -1.0122
0.137931 -0.836002
0.172414 -0.620715
0.206897 -0.376403
0.241379 -0.114492
0.275862 0.152773
0.310345 0.412894
0.344828 0.653709
0.37931 0.863957
0.413793 1.03381
0.448276 1.15532
0.482759 1.22281
0.517241 1.23312
0.551724 1.18577
0.586207 1.08298
0.62069 0.929549
0.655172 0.732653
0.689655 0.501499
0.724138 0.246895
0.758621 -0.0192533
0.793103 -0.284501
0.827586 -0.536446
0.862069 -0.763308
0.896552 -0.954478
0.931034 -1.10102
0.965517 -1.19607
1 -1.23521
