0 -1.22965
0.0344828 -1.18269
0.0689655 -1.08043
0.103448 -0.927643
0.137931 -0.731485
0.172414 -0.501123
0.206897 -0.24733
0.241379 0.0180284
0.275862 0.282544
0.310345 0.533848
0.344828 0.760189
0.37931 0.950985
0.413793 1.09731
0.448276 1.19233
0.482759 1.2316
0.517241 1.21328
0.551724 1.13823
0.586207 1.00995
0.62069 0.834455
0.655172 0.619938
0.689655 0.376433
0.724138 0.115327
0.758621 -0.151172
0.793103 -0.410603
0.827586 -0.650834
0.862069 -0.860632
0.896552 -1.03019
0.931034 -1.15157
0.965517 -1.21911
1 -1.22965
