0 -0.975673
0.0344828 -1.12347
0.0689655 -1.21874
0.103448 -1.25702
0.137931 -1.23653
0.172414 -1.15821
0.206897 -1.02574
0.241379 -0.845306
0.275862 -0.625347
0.310345 -0.376147
0.344828 -0.109359
0.37931 0.162542
0.413793 0.426844
0.448276 0.671186
0.482759 0.884145
0.517241 1.05576
0.551724 1.17801
0.586207 1.24518
0.62069 1.25413
0.655172 1.20443
0.689655 1.09841
0.724138 0.941039
0.758621 0.739663
0.793103 0.5037
0.827586 0.244185
0.862069 -0.0267484
0.896552 -0.296431
0.931034 -0.552252
0.965517 -0.782251
1 -0.975673
