0 -1.01539
0.0344828 -1.15053
0.0689655 -1.23188
0.103448 -1.25562
0.137931 -1.22065
0.172414 -1.1286
0.206897 -0.983785
0.241379 -0.792967
0.275862 -0.56507
0.310345 -0.310751
0.344828 -0.0419019
0.37931 0.228907
0.413793 0.489012
0.448276 0.726251
0.482759 0.929532
0.517241 1.08935
0.551724 1.19823
0.586207 1.25108
0.62069 1.24543
0.655172 1.18155
0.689655 1.06242
0.724138 0.893614
0.758621 0.683022
0.793103 0.440493
0.827586 0.177366
0.862069 -0.0940537
0.896552 -0.361076
0.931034 -0.611214
0.965517 -0.832773
1 -1.01539
