0 -1.20359
0.0344828 -1.24244
0.0689655 -1.2232
0.103448 -1.14676
0.137931 -1.0167
0.172414 -0.839098
0.206897 -0.622264
0.241379 -0.376333
0.275862 -0.112805
0.310345 0.155998
0.344828 0.417506
0.37931 0.659492
0.413793 0.870641
0.448276 1.04108
0.482759 1.16284
0.517241 1.23023
0.551724 1.24009
0.586207 1.19196
0.62069 1.08811
0.655172 0.93337
0.689655 0.73499
0.724138 0.502242
0.758621 0.246011
0.793103 -0.0217237
0.827586 -0.288443
0.862069 -0.541674
0.896552 -0.769578
0.931034 -0.961497
0.965517 -1.10846
1 -1.20359
