0 -1.16662
0.0344828 -1.23395
0.0689655 -1.24358
0.103448 -1.19507
0.137931 -1.09068
0.172414 -0.935283
0.206897 -0.736158
0.241379 -0.502611
0.275862 -0.245562
0.310345 0.0229694
0.344828 0.290426
0.37931 0.544303
0.413793 0.77273
0.448276 0.965024
0.482759 1.11219
0.517241 1.20736
0.551724 1.24607
0.586207 1.22652
0.62069 1.14961
0.655172 1.01895
0.689655 0.840649
0.724138 0.623037
0.758621 0.376292
0.793103 0.111952
0.827586 -0.157622
0.862069 -0.419826
0.896552 -0.6624
0.931034 -0.874
0.965517 -1.04473
1 -1.16662
