0 -1.14296
0.0344828 -1.22433
0.0689655 -1.24844
0.103448 -1.21418
0.137931 -1.12315
0.172414 -0.979598
0.206897 -0.790242
0.241379 -0.563935
0.275862 -0.311259
0.310345 -0.0440291
0.344828 0.22526
0.37931 0.484016
0.413793 0.720139
0.448276 0.92259
0.482759 1.0819
0.517241 1.19063
0.551724 1.24368
0.586207 1.23857
0.62069 1.17556
0.655172 1.05757
0.689655 0.890138
0.724138 0.681081
0.758621 0.440178
0.793103 0.178692
0.827586 -0.0911496
0.862069 -0.356729
0.896552 -0.605628
0.931034 -0.826208
0.965517 -1.00816
1 -1.14296
