0 -1.18684
0.0344828 -1.23999
0.0689655 -1.23516
0.103448 -1.17257
0.137931 -1.05516
0.172414 -0.888403
0.206897 -0.68011
0.241379 -0.440015
0.275862 -0.179346
0.310345 0.0897088
0.344828 0.354569
0.37931 0.60285
0.413793 0.822943
0.448276 1.00456
0.482759 1.1392
0.517241 1.22057
0.551724 1.24487
0.586207 1.21096
0.62069 1.12043
0.655172 0.977509
0.689655 0.788881
0.724138 0.563365
0.758621 0.311507
0.793103 0.045083
0.827586 -0.223449
0.862069 -0.481532
0.896552 -0.7171
0.931034 -0.919137
0.965517 -1.0782
1 -1.18684
