0 -0.736851
0.0344828 -0.567425
0.0689655 -0.371467
0.103448 -0.158139
0.137931 0.0625827
0.172414 0.280378
0.206897 0.485064
0.241379 0.667068
0.275862 0.817881
0.310345 0.930451
0.344828 0.999514
0.37931 1.02184
0.413793 0.996387
0.448276 0.924344
0.482759 0.809079
0.517241 0.655983
0.551724 0.472214
0.586207 0.266364
0.62069 0.04806
0.655172 -0.172492
0.689655 -0.384978
0.724138 -0.579463
0.758621 -0.746853
0.793103 -0.879321
0.827586 -0.970672
0.862069 -1.01664
0.896552 -1.01506
0.931034 -0.966028
0.965517 -0.871822
1 -0.736851
