0 -1.08562
0.0344828 -1.19442
0.0689655 -1.24737
0.103448 -1.242
0.137931 -1.17855
0.172414 -1.06
0.206897 -0.891875
0.241379 -0.682052
0.275862 -0.440337
0.310345 -0.178032
0.344828 0.0925979
0.37931 0.358898
0.413793 0.608416
0.448276 0.829485
0.482759 1.01177
0.517241 1.14674
0.551724 1.2281
0.586207 1.25203
0.62069 1.21741
0.655172 1.12587
0.689655 0.98169
0.724138 0.791604
0.758621 0.564504
0.793103 0.311007
0.827586 0.0429688
0.862069 -0.227079
0.896552 -0.486509
0.931034 -0.72319
0.965517 -0.926055
1 -1.08562
