0 -1.11594
0.0344828 -1.21114
0.0689655 -1.24971
0.103448 -1.22985
0.137931 -1.15247
0.172414 -1.02121
0.206897 -0.8422
0.241379 -0.623808
0.275862 -0.376247
0.310345 -0.111094
0.344828 0.159254
0.37931 0.422156
0.413793 0.665318
0.448276 0.87737
0.482759 1.0484
0.517241 1.1704
0.551724 1.23768
0.586207 1.24709
0.62069 1.19818
0.655172 1.09325
0.689655 0.9372
0.724138 0.737326
0.758621 0.502976
0.793103 0.245108
0.827586 -0.024222
0.862069 -0.292419
0.896552 -0.546943
0.931034 -0.775892
0.965517 -0.968562
1 -1.11594
