0 -1.21682
0.0344828 -1.24131
0.0689655 -1.20775
0.103448 -1.11772
0.137931 -0.975423
0.172414 -0.78752
0.206897 -0.562793
0.241379 -0.31175
0.275862 -0.0461304
0.310345 0.221646
0.344828 0.479059
0.37931 0.714072
0.413793 0.915695
0.448276 1.0745
0.482759 1.18307
0.517241 1.23631
0.551724 1.23175
0.586207 1.16959
0.62069 1.05274
0.655172 0.886669
0.689655 0.679137
0.724138 0.43985
0.758621 0.179995
0.793103 -0.0882755
0.827586 -0.352419
0.862069 -0.600083
0.896552 -0.819688
0.931034 -1.00097
0.965517 -1.13544
1 -1.21682
