0 -1.05207
0.0344828 -1.1742
0.0689655 -1.24143
0.103448 -1.2506
0.137931 -1.2013
0.172414 -1.09583
0.206897 -0.939118
0.241379 -0.738494
0.275862 -0.503339
0.310345 -0.244649
0.344828 0.0254817
0.37931 0.29442
0.413793 0.549592
0.448276 0.779066
0.482759 0.972111
0.517241 1.1197
0.551724 1.21494
0.586207 1.25336
0.62069 1.23318
0.655172 1.15534
0.689655 1.02347
0.724138 0.843752
0.758621 0.624578
0.793103 0.376199
0.827586 0.11023
0.862069 -0.160894
0.896552 -0.424495
0.931034 -0.668246
0.965517 -0.880752
1 -1.05207
