0 -0.839384
0.0344828 -1.02268
0.0689655 -1.15815
0.103448 -1.23947
0.137931 -1.26283
0.172414 -1.22714
0.206897 -1.13408
0.241379 -0.987985
0.275862 -0.795694
0.310345 -0.566197
0.344828 -0.310226
0.37931 -0.0397484
0.413793 0.232587
0.448276 0.494048
0.482759 0.732407
0.517241 0.936519
0.551724 1.09684
0.586207 1.20588
0.62069 1.25853
0.655172 1.25233
0.689655 1.18757
0.724138 1.06729
0.758621 0.897098
0.793103 0.684961
0.827586 0.440795
0.862069 0.176019
0.896552 -0.096988
0.931034 -0.36546
0.965517 -0.616843
1 -0.839384
