0 -0.735501
0.0344828 -0.940031
0.0689655 -1.10061
0.103448 -1.20972
0.137931 -1.26226
0.172414 -1.25579
0.206897 -1.19059
0.241379 -1.06973
0.275862 -0.898842
0.310345 -0.685929
0.344828 -0.440942
0.37931 -0.175337
0.413793 0.0984666
0.448276 0.367666
0.482759 0.619673
0.517241 0.842706
0.551724 1.02633
0.586207 1.16197
0.62069 1.24328
0.655172 1.26645
0.689655 1.2304
0.724138 1.13682
0.758621 0.990089
0.793103 0.797058
0.827586 0.566758
0.862069 0.309956
0.896552 0.0386618
0.931034 -0.23444
0.965517 -0.496581
1 -0.735501
