0 -0.93302
0.0344828 -1.09309
0.0689655 -1.20205
0.103448 -1.2548
0.137931 -1.24888
0.172414 -1.18456
0.206897 -1.06485
0.241379 -0.895355
0.275862 -0.683992
0.310345 -0.440646
0.344828 -0.176695
0.37931 0.0955171
0.413793 0.363263
0.448276 0.614023
0.482759 0.836073
0.517241 1.01903
0.551724 1.15433
0.586207 1.23567
0.62069 1.25922
0.655172 1.22389
0.689655 1.13134
0.724138 0.985883
0.758621 0.79433
0.793103 0.565634
0.827586 0.310491
0.862069 0.0408285
0.896552 -0.230743
0.931034 -0.491525
0.965517 -0.729323
1 -0.93302
