0 -0.501677
0.0344828 -0.741723
0.0689655 -0.947088
0.103448 -1.10817
0.137931 -1.21743
0.172414 -1.26977
0.206897 -1.26273
0.241379 -1.19665
0.275862 -1.07462
0.310345 -0.902337
0.344828 -0.687863
0.37931 -0.441225
0.413793 -0.173956
0.448276 0.101447
0.482759 0.372106
0.517241 0.625366
0.551724 0.849385
0.586207 1.03369
0.62069 1.16966
0.655172 1.25093
0.689655 1.27372
0.724138 1.23694
0.758621 1.14233
0.793103 0.994306
0.827586 0.799788
0.862069 0.567873
0.896552 0.309404
0.931034 0.0364686
0.965517 -0.238172
1 -0.501677
