0 -0.7749
0.0344828 -0.613098
0.0689655 -0.422627
0.103448 -0.212395
0.137931 0.00776802
0.172414 0.227568
0.206897 0.436727
0.241379 0.625466
0.275862 0.784958
0.310345 0.907747
0.344828 0.98809
0.37931 1.02223
0.413793 1.00857
0.448276 0.947757
0.482759 0.842624
0.517241 0.698091
0.551724 0.520916
0.586207 0.319384
0.62069 0.102917
0.655172 -0.118362
0.689655 -0.334106
0.724138 -0.534228
0.758621 -0.70937
0.793103 -0.851343
0.827586 -0.953508
0.862069 -1.01109
0.896552 -1.02139
0.931034 -0.983934
0.965517 -0.90047
1 -0.7749
