0 -0.788655
0.0344828 -0.98283
0.0689655 -1.13105
0.103448 -1.22638
0.137931 -1.26437
0.172414 -1.24324
0.206897 -1.16397
0.241379 -1.03028
0.275862 -0.848417
0.310345 -0.626881
0.344828 -0.376032
0.37931 -0.1076
0.413793 0.165863
0.448276 0.43157
0.482759 0.677098
0.517241 0.890965
0.551724 1.06317
0.586207 1.18567
0.62069 1.25272
0.655172 1.2612
0.689655 1.2107
0.724138 1.1036
0.758621 0.944889
0.793103 0.741998
0.827586 0.504413
0.862069 0.243242
0.896552 -0.0293032
0.931034 -0.300478
0.965517 -0.557603
1 -0.788655
