0 -0.887549
0.0344828 -1.05946
0.0689655 -1.18183
0.103448 -1.24894
0.137931 -1.25766
0.172414 -1.20756
0.206897 -1.101
0.241379 -0.942963
0.275862 -0.740831
0.310345 -0.504058
0.344828 -0.243716
0.37931 0.0280222
0.413793 0.29845
0.448276 0.554922
0.482759 0.785447
0.517241 0.979245
0.551724 1.12726
0.586207 1.22256
0.62069 1.26069
0.655172 1.23988
0.689655 1.16109
0.724138 1.02801
0.758621 0.846861
0.793103 0.626114
0.827586 0.376091
0.862069 0.108483
0.896552 -0.164199
0.931034 -0.429202
0.965517 -0.674137
1 -0.887549
