0 -0.68007
0.0344828 -0.894393
0.0689655 -1.06689
0.103448 -1.18951
0.137931 -1.2565
0.172414 -1.26475
0.206897 -1.21385
0.241379 -1.1062
0.275862 -0.946817
0.310345 -0.743166
0.344828 -0.504766
0.37931 -0.242763
0.413793 0.0305912
0.448276 0.302515
0.482759 0.560293
0.517241 0.791873
0.551724 0.986426
0.586207 1.13485
0.62069 1.23022
0.655172 1.26806
0.689655 1.24661
0.724138 1.16686
0.758621 1.03256
0.793103 0.849974
0.827586 0.627645
0.862069 0.375968
0.896552 0.106711
0.931034 -0.167535
0.965517 -0.433948
1 -0.68007
