0 -0.562995
0.0344828 -0.795103
0.0689655 -0.990034
0.103448 -1.13867
0.137931 -1.23407
0.172414 -1.27176
0.206897 -1.24998
0.241379 -1.16976
0.275862 -1.03484
0.310345 -0.851533
0.344828 -0.628409
0.37931 -0.375901
0.413793 -0.105817
0.448276 0.169216
0.482759 0.436336
0.517241 0.683053
0.551724 0.897832
0.586207 1.07063
0.62069 1.19336
0.655172 1.2603
0.689655 1.2683
0.724138 1.217
0.758621 1.1088
0.793103 0.948748
0.827586 0.744334
0.862069 0.505116
0.896552 0.242279
0.931034 -0.0318864
0.965517 -0.304561
1 -0.562995
