0 -0.438733
0.0344828 -0.686047
0.0689655 -0.901282
0.103448 -1.07437
0.137931 -1.19723
0.172414 -1.2641
0.206897 -1.27187
0.241379 -1.22017
0.275862 -1.11141
0.310345 -0.950681
0.344828 -0.745502
0.37931 -0.505463
0.413793 -0.24179
0.448276 0.0331889
0.482759 0.306616
0.517241 0.565706
0.551724 0.798344
0.586207 0.993653
0.62069 1.1425
0.655172 1.23792
0.689655 1.27546
0.724138 1.25337
0.758621 1.17266
0.793103 1.03712
0.827586 0.853092
0.862069 0.629171
0.896552 0.37583
0.931034 0.104916
0.965517 -0.170904
1 -0.438733
