0 -0.622514
0.0344828 -0.846039
0.0689655 -1.03
0.103448 -1.16581
0.137931 -1.2471
0.172414 -1.27008
0.206897 -1.23367
0.241379 -1.13958
0.275862 -0.992196
0.310345 -0.798423
0.344828 -0.567316
0.37931 -0.309683
0.413793 -0.0375685
0.448276 0.236302
0.482759 0.499124
0.517241 0.738607
0.551724 0.943553
0.586207 1.10438
0.62069 1.21357
0.655172 1.26601
0.689655 1.25926
0.724138 1.19362
0.758621 1.07217
0.793103 0.900589
0.827586 0.686896
0.862069 0.441085
0.896552 0.174649
0.931034 -0.0999528
0.965517 -0.369881
1 -0.622514
