0 0.0320014
0.0344828 -0.24574
0.0689655 -0.511991
0.103448 -0.754302
0.137931 -0.961342
0.172414 -1.12343
0.206897 -1.23299
0.241379 -1.2849
0.275862 -1.27672
0.310345 -1.20885
0.344828 -1.08445
0.37931 -0.909346
0.413793 -0.691721
0.448276 -0.441752
0.482759 -0.171127
0.517241 0.107499
0.551724 0.3811
0.586207 0.63688
0.62069 0.86288
0.655172 1.04853
0.689655 1.18516
0.724138 1.26637
0.758621 1.28836
0.793103 1.25011
0.827586 1.15341
0.862069 1.00278
0.896552 0.805254
0.931034 0.570078
0.965517 0.308247
1 0.0320014
