0 -0.30868
0.0344828 -0.568428
0.0689655 -0.801597
0.103448 -0.997284
0.137931 -1.14634
0.172414 -1.24179
0.206897 -1.27918
0.241379 -1.25676
0.275862 -1.17557
0.310345 -1.03941
0.344828 -0.854653
0.37931 -0.629931
0.413793 -0.375755
0.448276 -0.104009
0.482759 0.172601
0.517241 0.44114
0.551724 0.689052
0.586207 0.904744
0.62069 1.07813
0.655172 1.20111
0.689655 1.26792
0.724138 1.27545
0.758621 1.22333
0.793103 1.11402
0.827586 0.952617
0.862069 0.746669
0.896552 0.505808
0.931034 0.241296
0.965517 -0.0344985
1 -0.30868
