0 0.170406
0.0344828 -0.109032
0.0689655 -0.383372
0.103448 -0.639785
0.137931 -0.866283
0.172414 -1.05227
0.206897 -1.18906
0.241379 -1.27025
0.275862 -1.29205
0.310345 -1.25342
0.344828 -1.15619
0.37931 -1.0049
0.413793 -0.806622
0.448276 -0.570625
0.482759 -0.307946
0.517241 -0.0308677
0.551724 0.247654
0.586207 0.514595
0.62069 0.757475
0.655172 0.964936
0.689655 1.12728
0.724138 1.23691
0.758621 1.2887
0.793103 1.28024
0.827586 1.21191
0.862069 1.08692
0.896552 0.911103
0.931034 0.692684
0.965517 0.441876
1 0.170406
