0 -0.810822
0.0344828 -0.657132
0.0689655 -0.472715
0.103448 -0.266195
0.137931 -0.0472274
0.172414 0.173948
0.206897 0.38699
0.241379 0.581937
0.275862 0.749673
0.310345 0.882355
0.344828 0.973779
0.37931 1.01967
0.413793 1.01788
0.448276 0.968501
0.482759 0.873833
0.517241 0.738305
0.551724 0.568255
0.586207 0.371633
0.62069 0.157635
0.655172 -0.063734
0.689655 -0.282123
0.724138 -0.48732
0.758621 -0.669731
0.793103 -0.820826
0.827586 -0.93354
0.862069 -1.0026
0.896552 -1.02478
0.931034 -0.999049
0.965517 -0.926599
1 -0.810822
