0 -0.105975
0.0344828 -0.378837
0.0689655 -0.633985
0.103448 -0.859489
0.137931 -1.0448
0.172414 -1.18127
0.206897 -1.26249
0.241379 -1.28469
0.275862 -1.24681
0.310345 -1.15063
0.344828 -1.00065
0.37931 -0.803887
0.413793 -0.56953
0.448276 -0.308543
0.482759 -0.0331284
0.517241 0.243835
0.551724 0.509397
0.586207 0.75114
0.62069 0.957761
0.655172 1.1196
0.689655 1.22908
0.724138 1.2811
0.758621 1.27321
0.793103 1.20579
0.827586 1.08199
0.862069 0.907591
0.896552 0.690758
0.931034 0.441625
0.965517 0.171843
1 -0.105975
