0 -0.37434
0.0344828 -0.628228
0.0689655 -0.852741
0.103448 -1.03738
0.137931 -1.17351
0.172414 -1.25477
0.206897 -1.27736
0.241379 -1.24022
0.275862 -1.14509
0.310345 -0.996419
0.344828 -0.801154
0.37931 -0.568427
0.413793 -0.309122
0.448276 -0.0353619
0.482759 0.240051
0.517241 0.50424
0.551724 0.744851
0.586207 0.950634
0.62069 1.11197
0.655172 1.2213
0.689655 1.27353
0.724138 1.26622
0.758621 1.19969
0.793103 1.07707
0.827586 0.904086
0.862069 0.688828
0.896552 0.441362
0.931034 0.173257
0.965517 -0.102948
1 -0.37434
