0 -0.174306
0.0344828 -0.443557
0.0689655 -0.692068
0.103448 -0.908218
0.137931 -1.0819
0.172414 -1.205
0.206897 -1.27175
0.241379 -1.27903
0.275862 -1.22651
0.310345 -1.11664
0.344828 -0.954554
0.37931 -0.747836
0.413793 -0.50615
0.448276 -0.240797
0.482759 0.0358154
0.517241 0.310753
0.551724 0.571161
0.586207 0.804861
0.62069 1.00093
0.655172 1.15019
0.689655 1.24567
0.724138 1.28291
0.758621 1.26016
0.793103 1.17848
0.827586 1.0417
0.862069 0.856215
0.896552 0.63069
0.931034 0.375676
0.965517 0.103095
1 -0.174306
