0 0.239269
0.0344828 -0.03981
0.0689655 -0.317028
0.103448 -0.579421
0.137931 -0.814722
0.172414 -1.01193
0.206897 -1.16182
0.241379 -1.25738
0.275862 -1.29415
0.310345 -1.27041
0.344828 -1.18726
0.37931 -1.0486
0.413793 -0.860907
0.448276 -0.632959
0.482759 -0.375415
0.517241 -0.100318
0.551724 0.179471
0.586207 0.450868
0.62069 0.701182
0.655172 0.91871
0.689655 1.09328
0.724138 1.21673
0.758621 1.28329
0.793103 1.28984
0.827586 1.23608
0.862069 1.12452
0.896552 0.960383
0.931034 0.751337
0.965517 0.50716
1 0.239269
