0 -0.0371396
0.0344828 -0.312836
0.0689655 -0.573904
0.103448 -0.808137
0.137931 -1.00458
0.172414 -1.15405
0.206897 -1.24956
0.241379 -1.28665
0.275862 -1.26357
0.310345 -1.1814
0.344828 -1.044
0.37931 -0.857777
0.413793 -0.631448
0.448276 -0.375593
0.482759 -0.102176
0.517241 0.176019
0.551724 0.445984
0.586207 0.695095
0.62069 0.911704
0.655172 1.08568
0.689655 1.2089
0.724138 1.27558
0.758621 1.28262
0.793103 1.22969
0.827586 1.11926
0.862069 0.956495
0.896552 0.749004
0.931034 0.50649
0.965517 0.240293
1 -0.0371396
