0 0.10125
0.0344828 -0.177741
0.0689655 -0.448421
0.103448 -0.698133
0.137931 -0.915201
0.172414 -1.08948
0.206897 -1.21281
0.241379 -1.27943
0.275862 -1.28623
0.310345 -1.23288
0.344828 -1.12189
0.37931 -0.958437
0.413793 -0.75017
0.448276 -0.506826
0.482759 -0.239784
0.517241 0.0384711
0.551724 0.314927
0.586207 0.576657
0.62069 0.811424
0.655172 1.00825
0.689655 1.15793
0.724138 1.25347
0.758621 1.29039
0.793103 1.26698
0.827586 1.18433
0.862069 1.0463
0.896552 0.859341
0.931034 0.632204
0.965517 0.375506
1 0.10125
