0 -0.241939
0.0344828 -0.506814
0.0689655 -0.74799
0.103448 -0.954192
0.137931 -1.11578
0.172414 -1.22519
0.206897 -1.27731
0.241379 -1.26971
0.275862 -1.20274
0.310345 -1.07953
0.344828 -0.905838
0.37931 -0.689794
0.413793 -0.441495
0.448276 -0.172553
0.482759 0.104458
0.517241 0.376584
0.551724 0.631101
0.586207 0.856109
0.62069 1.04109
0.655172 1.17738
0.689655 1.25863
0.724138 1.28102
0.758621 1.24351
0.793103 1.14786
0.827586 0.998536
0.862069 0.80252
0.896552 0.56898
0.931034 0.308835
0.965517 0.0342485
1 -0.241939
