0 0.50782
0.0344828 0.238225
0.0689655 -0.0425099
0.103448 -0.321257
0.137931 -0.584982
0.172414 -0.821354
0.206897 -1.01932
0.241379 -1.16962
0.275862 -1.26524
0.310345 -1.30169
0.344828 -1.27728
0.37931 -1.19314
0.413793 -1.05321
0.448276 -0.86404
0.482759 -0.634464
0.517241 -0.375222
0.551724 -0.0984344
0.586207 0.182956
0.62069 0.455791
0.655172 0.707314
0.689655 0.925764
0.724138 1.10093
0.758621 1.22461
0.793103 1.29103
0.827586 1.29709
0.862069 1.24249
0.896552 1.1298
0.931034 0.96428
0.965517 0.75367
1 0.50782
