0 0.30764
0.0344828 0.0297271
0.0689655 -0.249576
0.103448 -0.51721
0.137931 -0.760659
0.172414 -0.968541
0.206897 -1.13113
0.241379 -1.24084
0.275862 -1.29252
0.310345 -1.28377
0.344828 -1.21499
0.37931 -1.08939
0.413793 -0.912862
0.448276 -0.693646
0.482759 -0.441996
0.517241 -0.169678
0.551724 0.110573
0.586207 0.385654
0.62069 0.642702
0.655172 0.869698
0.689655 1.05603
0.724138 1.19298
0.758621 1.27415
0.793103 1.29574
0.827586 1.25674
0.862069 1.15898
0.896552 1.00703
0.931034 0.80799
0.965517 0.571169
1 0.30764
