0 0.375321
0.0344828 0.0993792
0.0689655 -0.181209
0.103448 -0.453324
0.137931 -0.704243
0.172414 -0.922231
0.206897 -1.0971
0.241379 -1.22066
0.275862 -1.28715
0.310345 -1.29346
0.344828 -1.23928
0.37931 -1.12716
0.413793 -0.96233
0.448276 -0.752504
0.482759 -0.507492
0.517241 -0.238749
0.551724 0.0411562
0.586207 0.319138
0.62069 0.582196
0.655172 0.818032
0.689655 1.01562
0.724138 1.16571
0.758621 1.2613
0.793103 1.29792
0.827586 1.27384
0.862069 1.1902
0.896552 1.0509
0.931034 0.862473
0.965517 0.633713
1 0.375321
