0 0.756002
0.0344828 0.508468
0.0689655 0.237159
0.103448 -0.0452395
0.137931 -0.325523
0.172414 -0.590585
0.206897 -0.828032
0.241379 -1.02676
0.275862 -1.17748
0.310345 -1.27314
0.344828 -1.30927
0.37931 -1.28418
0.413793 -1.19905
0.448276 -1.05784
0.482759 -0.867178
0.517241 -0.635963
0.551724 -0.375012
0.586207 -0.0965256
0.62069 0.186474
0.655172 0.460755
0.689655 0.713491
0.724138 0.932865
0.758621 1.10862
0.793103 1.23254
0.827586 1.29882
0.862069 1.30437
0.896552 1.24894
0.931034 1.1351
0.965517 0.968186
1 0.756002
