0 -0.844505
0.0344828 -0.699395
0.0689655 -0.521582
0.103448 -0.319381
0.137931 -0.102245
0.172414 0.119671
0.206897 0.335992
0.241379 0.536602
0.275862 0.712121
0.310345 0.854342
0.344828 0.956615
0.37931 1.01416
0.413793 1.02428
0.448276 0.986507
0.482759 0.902607
0.517241 0.776502
0.551724 0.614089
0.586207 0.422961
0.62069 0.212056
0.655172 -0.00876424
0.689655 -0.229175
0.724138 -0.438869
0.758621 -0.628043
0.793103 -0.78785
0.827586 -0.910818
0.862069 -0.991197
0.896552 -1.02523
0.931034 -1.01132
0.965517 -0.950127
1 -0.844505
