0 0.696526
0.0344828 0.442335
0.0689655 0.167462
0.103448 -0.115242
0.137931 -0.392557
0.172414 -0.651517
0.206897 -0.880012
0.241379 -1.06736
0.275862 -1.2048
0.310345 -1.2859
0.344828 -1.30688
0.37931 -1.26675
0.413793 -1.16738
0.448276 -1.01343
0.482759 -0.812097
0.517241 -0.572788
0.551724 -0.306697
0.586207 -0.026264
0.62069 0.255397
0.655172 0.525115
0.689655 0.77028
0.724138 0.979427
0.758621 1.14278
0.793103 1.25269
0.827586 1.30403
0.862069 1.2944
0.896552 1.22424
0.931034 1.09684
0.965517 0.918147
1 0.696526
