0 0.572251
0.0344828 0.307016
0.0689655 0.0274253
0.103448 -0.253448
0.137931 -0.52247
0.172414 -0.767062
0.206897 -0.975787
0.241379 -1.13888
0.275862 -1.24873
0.310345 -1.30019
0.344828 -1.29085
0.37931 -1.22115
0.413793 -1.09435
0.448276 -0.916384
0.482759 -0.695567
0.517241 -0.442226
0.551724 -0.168207
0.586207 0.113678
0.62069 0.390246
0.655172 0.648568
0.689655 0.876563
0.724138 1.06357
0.758621 1.20085
0.793103 1.28197
0.827586 1.30316
0.862069 1.2634
0.896552 1.16458
0.931034 1.0113
0.965517 0.810728
1 0.572251
