0 0.868748
0.0344828 0.636711
0.0689655 0.374901
0.103448 0.0955616
0.137931 -0.188246
0.172414 -0.463252
0.206897 -0.716596
0.241379 -0.936434
0.275862 -1.11248
0.310345 -1.23652
0.344828 -1.30273
0.37931 -1.30803
0.413793 -1.25217
0.448276 -1.13776
0.482759 -0.970143
0.517241 -0.757168
0.551724 -0.508788
0.586207 -0.236618
0.62069 0.0466156
0.655172 0.32767
0.689655 0.593403
0.724138 0.831389
0.758621 1.0305
0.793103 1.18143
0.827586 1.27711
0.862069 1.31308
0.896552 1.28765
0.931034 1.20201
0.965517 1.06016
1 0.868748
