0 0.813467
0.0344828 0.573324
0.0689655 0.306373
0.103448 0.0250957
0.137931 -0.257355
0.172414 -0.527771
0.206897 -0.77351
0.241379 -0.98308
0.275862 -1.14668
0.310345 -1.25667
0.344828 -1.30789
0.37931 -1.29796
0.413793 -1.22734
0.448276 -1.09933
0.482759 -0.919913
0.517241 -0.697484
0.551724 -0.442442
0.586207 -0.166711
0.62069 0.116814
0.655172 0.394878
0.689655 0.654477
0.724138 0.883474
0.758621 1.07116
0.793103 1.20876
0.827586 1.28984
0.862069 1.31061
0.896552 1.2701
0.931034 1.17019
0.965517 1.01557
1 0.813467
