0 0.442112
0.0344828 0.168945
0.0689655 -0.112121
0.103448 -0.387945
0.137931 -0.645629
0.172414 -0.873124
0.206897 -1.05979
0.241379 -1.19691
0.275862 -1.27806
0.310345 -1.29944
0.344828 -1.26007
0.37931 -1.16178
0.413793 -1.00916
0.448276 -0.809359
0.482759 -0.571711
0.517241 -0.30733
0.551724 -0.0285796
0.586207 0.251508
0.62069 0.519834
0.655172 0.763855
0.689655 0.972158
0.724138 1.135
0.758621 1.24478
0.793103 1.29635
0.827586 1.2873
0.862069 1.21806
0.896552 1.09187
0.931034 0.914622
0.965517 0.694607
1 0.442112
