0 0.635215
0.0344828 0.375119
0.0689655 0.0974832
0.103448 -0.184711
0.137931 -0.458268
0.172414 -0.710397
0.206897 -0.929309
0.241379 -1.10477
0.275862 -1.22857
0.310345 -1.29492
0.344828 -1.30073
0.37931 -1.24571
0.413793 -1.13245
0.448276 -0.966232
0.482759 -0.754836
0.517241 -0.508146
0.551724 -0.237694
0.586207 0.043871
0.62069 0.323385
0.655172 0.587778
0.689655 0.824687
0.724138 1.02303
0.758621 1.17355
0.793103 1.26918
0.827586 1.30548
0.862069 1.28073
0.896552 1.19609
0.931034 1.05553
0.965517 0.865608
1 0.635215
