0 1.10682
0.0344828 0.925219
0.0689655 0.700354
0.103448 0.44274
0.137931 0.164425
0.172414 -0.121579
0.206897 -0.401898
0.241379 -0.663425
0.275862 -0.893931
0.310345 -1.08264
0.344828 -1.22072
0.37931 -1.30172
0.413793 -1.32186
0.448276 -1.28019
0.482759 -1.17866
0.517241 -1.02201
0.551724 -0.817579
0.586207 -0.574917
0.62069 -0.305372
0.655172 -0.0215489
0.689655 0.263282
0.724138 0.535803
0.758621 0.783269
0.793103 0.994111
0.827586 1.15847
0.862069 1.26866
0.896552 1.31953
0.931034 1.3087
0.965517 1.23667
1 1.10682
