0 0.972103
0.0344828 0.758333
0.0689655 0.509106
0.103448 0.236072
0.137931 -0.0479991
0.172414 -0.329826
0.206897 -0.596231
0.241379 -0.834757
0.275862 -1.03425
0.310345 -1.18538
0.344828 -1.28109
0.37931 -1.31689
0.413793 -1.29112
0.448276 -1.20498
0.482759 -1.06249
0.517241 -0.87032
0.551724 -0.637456
0.586207 -0.374786
0.62069 -0.0945912
0.655172 0.190027
0.689655 0.465759
0.724138 0.719713
0.758621 0.940014
0.793103 1.11636
0.827586 1.24051
0.862069 1.30665
0.896552 1.3117
0.931034 1.25541
0.965517 1.14042
1 0.972103
