0 1.01986
0.0344828 0.816208
0.0689655 0.574388
0.103448 0.305711
0.137931 0.0227382
0.172414 -0.261297
0.206897 -0.533115
0.241379 -0.780005
0.275862 -0.990422
0.310345 -1.15453
0.344828 -1.26465
0.37931 -1.31564
0.413793 -1.30511
0.448276 -1.23355
0.482759 -1.10432
0.517241 -0.923449
0.551724 -0.699398
0.586207 -0.442644
0.62069 -0.165193
0.655172 0.119983
0.689655 0.399548
0.724138 0.660431
0.758621 0.890433
0.793103 1.0788
0.827586 1.21672
0.862069 1.29775
0.896552 1.3181
0.931034 1.27682
0.965517 1.17583
1 1.01986
