0 1.14575
0.0344828 0.976028
0.0689655 0.760663
0.103448 0.509731
0.137931 0.234964
0.172414 -0.050789
0.206897 -0.334168
0.241379 -0.601921
0.275862 -0.841529
0.310345 -1.04179
0.344828 -1.19333
0.37931 -1.28908
0.413793 -1.32455
0.448276 -1.29809
0.482759 -1.21093
0.517241 -1.06715
0.551724 -0.873466
0.586207 -0.638943
0.62069 -0.374543
0.655172 -0.0926307
0.689655 0.193613
0.724138 0.470804
0.758621 0.725981
0.793103 0.947211
0.827586 1.12415
0.862069 1.24853
0.896552 1.31452
0.931034 1.31905
0.965517 1.26191
1 1.14575
