0 1.26844
0.0344828 1.15111
0.0689655 0.979963
0.103448 0.762992
0.137931 0.510345
0.172414 0.233835
0.206897 -0.0536094
0.241379 -0.338547
0.275862 -0.607654
0.310345 -0.848348
0.344828 -1.04937
0.37931 -1.20133
0.413793 -1.29712
0.448276 -1.33225
0.482759 -1.30509
0.517241 -1.21691
0.551724 -1.07182
0.586207 -0.876616
0.62069 -0.640423
0.655172 -0.374284
0.689655 -0.0906441
0.724138 0.197234
0.758621 0.47589
0.793103 0.732294
0.827586 0.954457
0.862069 1.13199
0.896552 1.25659
0.931034 1.32244
0.965517 1.32645
1 1.26844
