0 1.21392
0.0344828 1.06948
0.0689655 0.875041
0.103448 0.639684
0.137931 0.374416
0.172414 0.0916407
0.206897 -0.195419
0.241379 -0.473342
0.275862 -0.729132
0.310345 -0.950828
0.344828 -1.12806
0.37931 -1.25255
0.413793 -1.31848
0.448276 -1.32275
0.482759 -1.26517
0.517241 -1.14843
0.551724 -0.977994
0.586207 -0.761828
0.62069 -0.51004
0.655172 -0.234402
0.689655 0.0521954
0.724138 0.336352
0.758621 0.604782
0.793103 0.844933
0.827586 1.04558
0.862069 1.19733
0.896552 1.29309
0.931034 1.3284
0.965517 1.30159
1 1.21392
