0 1.24293
0.0344828 1.11184
0.0689655 0.928765
0.103448 0.702262
0.137931 0.442921
0.172414 0.16287
0.206897 -0.124797
0.241379 -0.406628
0.275862 -0.669446
0.310345 -0.900961
0.344828 -1.09035
0.37931 -1.22875
0.413793 -1.3097
0.448276 -1.32941
0.482759 -1.28696
0.517241 -1.18433
0.551724 -1.02632
0.586207 -0.820322
0.62069 -0.575968
0.655172 -0.304682
0.689655 -0.019149
0.724138 0.267279
0.758621 0.54121
0.793103 0.789834
0.827586 1.00153
0.862069 1.16639
0.896552 1.27671
0.931034 1.32734
0.965517 1.3159
1 1.24293
