0 -0.875847
0.0344828 -0.739761
0.0689655 -0.569084
0.103448 -0.371798
0.137931 -0.157127
0.172414 0.0648914
0.206897 0.283875
0.241379 0.489586
0.275862 0.672403
0.310345 0.82378
0.344828 0.936638
0.37931 1.0057
0.413793 1.02774
0.448276 1.00172
0.482759 0.928858
0.517241 0.812567
0.551724 0.658281
0.586207 0.473215
0.62069 0.266022
0.655172 0.0463896
0.689655 -0.175412
0.724138 -0.389011
0.758621 -0.58442
0.793103 -0.752503
0.827586 -0.885399
0.862069 -0.976895
0.896552 -1.02271
0.931034 -1.02071
0.965517 -0.970979
1 -0.875847
