0 1.06482
0.0344828 0.871892
0.0689655 0.6382
0.103448 0.374667
0.137931 0.0936142
0.172414 -0.191816
0.206897 -0.468276
0.241379 -0.722841
0.275862 -0.943607
0.310345 -1.12025
0.344828 -1.24451
0.37931 -1.31058
0.413793 -1.31537
0.448276 -1.25865
0.482759 -1.14308
0.517241 -0.974064
0.551724 -0.759499
0.586207 -0.50942
0.62069 -0.235521
0.655172 0.0493903
0.689655 0.331992
0.724138 0.599071
0.758621 0.838137
0.793103 1.03801
0.827586 1.18935
0.862069 1.28508
0.896552 1.32072
0.931034 1.2946
0.965517 1.20795
1 1.06482
