0 1.18149
0.0344828 1.02416
0.0689655 0.818951
0.103448 0.575444
0.137931 0.305029
0.172414 0.0203525
0.206897 -0.265276
0.241379 -0.538501
0.275862 -0.786546
0.310345 -0.997813
0.344828 -1.16242
0.37931 -1.27268
0.413793 -1.32343
0.448276 -1.31229
0.482759 -1.2398
0.517241 -1.10933
0.551724 -0.926992
0.586207 -0.701308
0.62069 -0.442832
0.655172 -0.16365
0.689655 0.123184
0.724138 0.404258
0.758621 0.66643
0.793103 0.89744
0.827586 1.08649
0.862069 1.22473
0.896552 1.30571
0.931034 1.32563
0.965517 1.28357
1 1.18149
