0 0.92168
0.0344828 0.698442
0.0689655 0.442545
0.103448 0.165955
0.137931 -0.118395
0.172414 -0.397208
0.206897 -0.657449
0.241379 -0.886948
0.275862 -1.07497
0.310345 -1.21274
0.344828 -1.29379
0.37931 -1.31435
0.413793 -1.27345
0.448276 -1.17301
0.482759 -1.01772
0.517241 -0.814837
0.551724 -0.573857
0.586207 -0.306044
0.62069 -0.0239205
0.655172 0.259321
0.689655 0.530438
0.724138 0.776752
0.758621 0.986745
0.793103 1.1506
0.827586 1.26065
0.862069 1.31176
0.896552 1.30153
0.931034 1.23044
0.965517 1.10182
1 0.92168
