0 -0.107485
0.0344828 0.109377
0.0689655 0.321125
0.103448 0.517858
0.137931 0.690376
0.172414 0.830613
0.206897 0.932012
0.241379 0.98983
0.275862 1.00137
0.310345 0.966078
0.344828 0.885618
0.37931 0.763747
0.413793 0.606164
0.448276 0.420238
0.482759 0.214662
0.517241 -0.000951605
0.551724 -0.216521
0.586207 -0.421965
0.62069 -0.607679
0.655172 -0.764979
0.689655 -0.886509
0.724138 -0.966587
0.758621 -1.00147
0.793103 -0.989522
0.827586 -0.931307
0.862069 -0.829545
0.896552 -0.688995
0.931034 -0.516227
0.965517 -0.319322
1 -0.107485
