0 -0.904749
0.0344828 -0.778106
0.0689655 -0.615079
0.103448 -0.423293
0.137931 -0.211713
0.172414 0.00976614
0.206897 0.230789
0.241379 0.44102
0.275862 0.630629
0.310345 0.790751
0.344828 0.913898
0.37931 0.994312
0.413793 1.02823
0.448276 1.01408
0.482759 0.952502
0.517241 0.846389
0.551724 0.7007
0.586207 0.522247
0.62069 0.319375
0.655172 0.101569
0.689655 -0.120987
0.724138 -0.337885
0.758621 -0.538984
0.793103 -0.714881
0.827586 -0.85735
0.862069 -0.959731
0.896552 -1.01724
0.931034 -1.02718
0.965517 -0.989087
1 -0.904749
