0 -0.931122
0.0344828 -0.814315
0.0689655 -0.659431
0.103448 -0.473713
0.137931 -0.265845
0.172414 -0.0455465
0.206897 0.176882
0.241379 0.391039
0.275862 0.586913
0.310345 0.755342
0.344828 0.888453
0.37931 0.980021
0.413793 1.02576
0.448276 1.02354
0.482759 0.973463
0.517241 0.877864
0.551724 0.741218
0.586207 0.569913
0.62069 0.37196
0.655172 0.156614
0.689655 -0.0660549
0.724138 -0.285635
0.758621 -0.491859
0.793103 -0.675085
0.827586 -0.826744
0.862069 -0.939746
0.896552 -1.00881
0.931034 -1.0307
0.965517 -1.00439
1 -0.931122
