0 -0.954881
0.0344828 -0.848276
0.0689655 -0.702006
0.103448 -0.522912
0.137931 -0.319366
0.172414 -0.100887
0.206897 0.122309
0.241379 0.339786
0.275862 0.541375
0.310345 0.71765
0.344828 0.860368
0.37931 0.962857
0.413793 1.02032
0.448276 1.03008
0.482759 0.991672
0.517241 0.906895
0.551724 0.779712
0.586207 0.61607
0.62069 0.423622
0.655172 0.211366
0.689655 -0.0107737
0.724138 -0.23241
0.758621 -0.443178
0.793103 -0.633224
0.827586 -0.793661
0.862069 -0.916988
0.896552 -0.997437
0.931034 -1.03125
0.965517 -1.01684
1 -0.954881
