0 -0.975951
0.0344828 -0.879885
0.0689655 -0.742677
0.103448 -0.570742
0.137931 -0.372119
0.172414 -0.156097
0.206897 0.0672245
0.241379 0.287402
0.275862 0.494142
0.310345 0.677775
0.344828 0.829717
0.37931 0.942862
0.413793 1.01192
0.448276 1.03366
0.482759 1.00707
0.517241 0.93339
0.551724 0.816065
0.586207 0.660582
0.62069 0.47421
0.655172 0.265665
0.689655 0.0446982
0.724138 -0.178359
0.758621 -0.393076
0.793103 -0.589414
0.827586 -0.758191
0.862069 -0.891516
0.896552 -0.983155
0.931034 -1.02882
0.965517 -1.02638
1 -0.975951
