0 -0.994263
0.0344828 -0.909045
0.0689655 -0.78132
0.103448 -0.617061
0.137931 -0.42395
0.172414 -0.211015
0.206897 0.0117871
0.241379 0.234038
0.275862 0.445345
0.310345 0.635829
0.344828 0.796581
0.37931 0.920087
0.413793 1.00057
0.448276 1.03427
0.482759 1.0196
0.517241 0.957266
0.551724 0.850166
0.586207 0.703313
0.62069 0.523575
0.655172 0.319354
0.689655 0.100201
0.724138 -0.123637
0.758621 -0.341694
0.793103 -0.543774
0.827586 -0.720428
0.862069 -0.863395
0.896552 -0.965991
0.931034 -1.02342
0.965517 -1.03299
1 -0.994263
