0 -1.00976
0.0344828 -0.935663
0.0689655 -0.817818
0.103448 -0.661733
0.137931 -0.474706
0.172414 -0.265482
0.206897 -0.0438445
0.241379 0.179843
0.275862 0.395121
0.310345 0.591924
0.344828 0.761049
0.37931 0.894588
0.413793 0.986298
0.448276 1.03189
0.482759 1.02923
0.517241 0.978445
0.551724 0.88191
0.586207 0.744137
0.62069 0.57157
0.655172 0.372276
0.689655 0.155575
0.724138 -0.0684002
0.758621 -0.289177
0.793103 -0.496433
0.827586 -0.680475
0.862069 -0.8327
0.896552 -0.945988
0.931034 -1.01504
0.965517 -1.03664
1 -1.00976
