0 -1.02238
0.0344828 -0.959655
0.0689655 -0.852059
0.103448 -0.704622
0.137931 -0.524237
0.172414 -0.319339
0.206897 -0.0995101
0.241379 0.124972
0.275862 0.343611
0.310345 0.546183
0.344828 0.723216
0.37931 0.866432
0.413793 0.969135
0.448276 1.02652
0.482759 1.03591
0.517241 0.99686
0.551724 0.911198
0.586207 0.78293
0.62069 0.618052
0.655172 0.424275
0.689655 0.21066
0.724138 -0.0128062
0.758621 -0.235673
0.793103 -0.44752
0.827586 -0.638442
0.862069 -0.799511
0.896552 -0.923195
0.931034 -1.00371
0.965517 -1.0373
1 -1.02238
