0 -1.03208
0.0344828 -0.980945
0.0689655 -0.883938
0.103448 -0.745599
0.137931 -0.572397
0.172414 -0.37243
0.206897 -0.155049
0.241379 0.0695821
0.275862 0.29096
0.310345 0.498732
0.344828 0.683185
0.37931 0.835692
0.413793 0.949124
0.448276 1.01818
0.482759 1.03962
0.517241 1.01245
0.551724 0.93794
0.586207 0.819573
0.62069 0.662884
0.655172 0.475199
0.689655 0.265295
0.724138 0.0429854
0.758621 -0.181334
0.793103 -0.397174
0.827586 -0.594443
0.862069 -0.763917
0.896552 -0.89767
0.931034 -0.98945
0.965517 -1.03496
1 -1.03208
