0 -1.03884
0.0344828 -0.999463
0.0689655 -0.913356
0.103448 -0.784542
0.137931 -0.619043
0.172414 -0.424599
0.206897 -0.210301
0.241379 0.013831
0.275862 0.237316
0.310345 0.449704
0.344828 0.641065
0.37931 0.80245
0.413793 0.926313
0.448276 1.00686
0.482759 1.04033
0.517241 1.02516
0.551724 0.962049
0.586207 0.853955
0.62069 0.705931
0.655172 0.524898
0.689655 0.319322
0.724138 0.098814
0.758621 -0.126314
0.793103 -0.345536
0.827586 -0.5486
0.862069 -0.726013
0.896552 -0.869479
0.931034 -0.972288
0.965517 -1.02963
1 -1.03884
