0 -1.04261
0.0344828 -1.01515
0.0689655 -0.940221
0.103448 -0.821331
0.137931 -0.664036
0.172414 -0.475692
0.206897 -0.265104
0.241379 -0.042121
0.275862 0.182832
0.310345 0.399236
0.344828 0.596972
0.37931 0.766794
0.413793 0.900762
0.448276 0.992611
0.482759 1.03805
0.517241 1.03494
0.551724 0.98345
0.586207 0.88597
0.62069 0.747063
0.655172 0.573224
0.689655 0.372582
0.724138 0.154518
0.758621 -0.0707703
0.793103 -0.29275
0.827586 -0.501041
0.862069 -0.685904
0.896552 -0.838694
0.931034 -0.952269
0.965517 -1.02132
1 -1.04261
