0 -0.161073
0.0344828 0.0558009
0.0689655 0.270065
0.103448 0.471702
0.137931 0.651282
0.172414 0.800409
0.206897 0.91211
0.241379 0.981161
0.275862 1.00433
0.310345 0.980546
0.344828 0.910909
0.37931 0.798679
0.413793 0.649103
0.448276 0.469176
0.482759 0.267311
0.517241 0.0529462
0.551724 -0.163894
0.586207 -0.37307
0.62069 -0.564803
0.655172 -0.730125
0.689655 -0.861308
0.724138 -0.952217
0.758621 -0.998602
0.793103 -0.998293
0.827586 -0.951304
0.862069 -0.859834
0.896552 -0.728159
0.931034 -0.562436
0.965517 -0.370415
1 -0.161073
