0 -1.04338
0.0344828 -1.02795
0.0689655 -0.964449
0.103448 -0.855854
0.137931 -0.707241
0.172414 -0.525558
0.206897 -0.319301
0.241379 -0.098113
0.275862 0.127662
0.310345 0.347468
0.344828 0.551027
0.37931 0.72882
0.413793 0.872535
0.448276 0.97545
0.482759 1.03276
0.517241 1.04177
0.551724 1.00207
0.586207 0.915518
0.62069 0.786156
0.655172 0.620034
0.689655 0.42492
0.724138 0.209938
0.758621 -0.0148617
0.793103 -0.238966
0.827586 -0.451897
0.862069 -0.643697
0.896552 -0.805399
0.931034 -0.929441
0.965517 -1.01002
1 -1.04338
