0 -1.04114
0.0344828 -1.03781
0.0689655 -0.98596
0.103448 -0.888005
0.137931 -0.748528
0.172414 -0.574051
0.206897 -0.372731
0.241379 -0.153983
0.275862 0.0719646
0.310345 0.294548
0.344828 0.503358
0.37931 0.688632
0.413793 0.841706
0.448276 0.955423
0.482759 1.02447
0.517241 1.0456
0.551724 1.01785
0.586207 0.942508
0.62069 0.823092
0.655172 0.665189
0.689655 0.476182
0.724138 0.26491
0.758621 0.0412512
0.793103 -0.184337
0.827586 -0.401305
0.862069 -0.599509
0.896552 -0.769681
0.931034 -0.903863
0.965517 -0.995781
1 -1.04114
