0 -1.03588
0.0344828 -1.04471
0.0689655 -1.00469
0.103448 -0.917684
0.137931 -0.787772
0.172414 -0.621025
0.206897 -0.42524
0.241379 -0.20957
0.275862 0.0158982
0.310345 0.240623
0.344828 0.454097
0.37931 0.646338
0.413793 0.808357
0.448276 0.932578
0.482759 1.01319
0.517241 1.04643
0.551724 1.03074
0.586207 0.966853
0.62069 0.857756
0.655172 0.708552
0.689655 0.526217
0.724138 0.319277
0.758621 0.0974071
0.793103 -0.129017
0.827586 -0.349409
0.862069 -0.553462
0.896552 -0.731636
0.931034 -0.8756
0.965517 -0.978622
1 -1.03588
