0 -1.02762
0.0344828 -1.04861
0.0689655 -1.02056
0.103448 -0.944798
0.137931 -0.824855
0.172414 -0.666342
0.206897 -0.476672
0.241379 -0.264713
0.275862 -0.040376
0.310345 0.185849
0.344828 0.403383
0.37931 0.602056
0.413793 0.772577
0.448276 0.906973
0.482759 0.998961
0.517241 1.04424
0.551724 1.04069
0.586207 0.988476
0.62069 0.890044
0.655172 0.749995
0.689655 0.574877
0.724138 0.372878
0.758621 0.153444
0.793103 -0.0731651
0.827586 -0.296353
0.862069 -0.505684
0.896552 -0.691369
0.931034 -0.844727
0.965517 -0.958586
1 -1.02762
