0 -1.01637
0.0344828 -1.04949
0.0689655 -1.03354
0.103448 -0.969262
0.137931 -0.859662
0.172414 -0.709865
0.206897 -0.526875
0.241379 -0.31925
0.275862 -0.0966962
0.310345 0.130379
0.344828 0.351357
0.37931 0.555906
0.413793 0.734462
0.448276 0.878675
0.482759 0.981803
0.517241 1.03902
0.551724 1.04766
0.586207 1.00731
0.62069 0.919854
0.655172 0.789391
0.689655 0.622016
0.724138 0.425557
0.758621 0.209199
0.793103 -0.0169405
0.827586 -0.242288
0.862069 -0.456307
0.896552 -0.648989
0.931034 -0.811325
0.965517 -0.935724
1 -1.01637
