0 -1.00215
0.0344828 -1.04735
0.0689655 -1.04357
0.103448 -0.990997
0.137931 -0.892086
0.172414 -0.751463
0.206897 -0.575702
0.241379 -0.373022
0.275862 -0.1529
0.310345 0.074372
0.344828 0.298166
0.37931 0.508018
0.413793 0.694116
0.448276 0.847758
0.482759 0.961759
0.517241 1.03079
0.551724 1.05162
0.586207 1.02328
0.62069 0.947094
0.655172 0.82662
0.689655 0.667495
0.724138 0.477159
0.758621 0.264511
0.793103 0.0394954
0.827586 -0.187367
0.862069 -0.405469
0.896552 -0.604611
0.931034 -0.775483
0.965517 -0.910094
1 -1.00215
