0 -0.984993
0.0344828 -1.04217
0.0689655 -1.05061
0.103448 -1.00993
0.137931 -0.922028
0.172414 -0.791011
0.206897 -0.623007
0.241379 -0.425872
0.275862 -0.208824
0.310345 0.0179888
0.344828 0.24396
0.37931 0.458525
0.413793 0.651649
0.448276 0.814302
0.482759 0.93888
0.517241 1.01956
0.551724 1.05256
0.586207 1.03635
0.62069 0.971676
0.655172 0.86157
0.689655 0.711178
0.724138 0.527532
0.758621 0.319219
0.793103 0.0959802
0.827586 -0.131747
0.862069 -0.353314
0.896552 -0.55836
0.931034 -0.737298
0.965517 -0.88176
1 -0.984993
