0 -0.964942
0.0344828 -1.03397
0.0689655 -1.05464
0.103448 -1.02601
0.137931 -0.949393
0.172414 -0.828389
0.206897 -0.66865
0.241379 -0.477645
0.275862 -0.264307
0.310345 -0.0386093
0.344828 0.188893
0.37931 0.407564
0.413793 0.607176
0.448276 0.778399
0.482759 0.913224
0.517241 1.00535
0.551724 1.05046
0.586207 1.04646
0.62069 0.993523
0.655172 0.894132
0.689655 0.752933
0.724138 0.576527
0.758621 0.373163
0.793103 0.152351
0.827586 -0.0755851
0.862069 -0.299987
0.896552 -0.510362
0.931034 -0.696873
0.965517 -0.850798
1 -0.964942
