0 -0.942046
0.0344828 -1.02275
0.0689655 -1.05564
0.103448 -1.03916
0.137931 -0.974095
0.172414 -0.863482
0.206897 -0.712493
0.241379 -0.528188
0.275862 -0.319186
0.310345 -0.0952593
0.344828 0.133122
0.37931 0.355278
0.413793 0.560822
0.448276 0.740143
0.482759 0.884855
0.517241 0.988192
0.551724 1.04532
0.586207 1.05358
0.62069 1.01256
0.655172 0.924206
0.689655 0.792634
0.724138 0.623998
0.758621 0.426185
0.793103 0.208445
0.827586 -0.0190429
0.862069 -0.24564
0.896552 -0.460751
0.931034 -0.654318
0.965517 -0.81729
1 -0.942046
