0 -0.916363
0.0344828 -1.00855
0.0689655 -1.05359
0.103448 -1.04935
0.137931 -0.996055
0.172414 -0.896182
0.206897 -0.754404
0.241379 -0.577351
0.275862 -0.373302
0.310345 -0.151798
0.344828 0.0768046
0.37931 0.301816
0.413793 0.512714
0.448276 0.699639
0.482759 0.853849
0.517241 0.968134
0.551724 1.03715
0.586207 1.05767
0.62069 1.02874
0.655172 0.951698
0.689655 0.83016
0.724138 0.669804
0.758621 0.47813
0.793103 0.264098
0.827586 0.0377177
0.862069 -0.190426
0.896552 -0.409666
0.931034 -0.609751
0.965517 -0.781324
1 -0.916363
