0 -0.21435
0.0344828 0.00190871
0.0689655 0.218078
0.103448 0.42405
0.137931 0.610193
0.172414 0.767805
0.206897 0.889516
0.241379 0.969633
0.275862 1.00441
0.310345 0.992225
0.344828 0.933643
0.37931 0.831404
0.413793 0.690291
0.448276 0.5169
0.482759 0.319339
0.517241 0.106847
0.551724 -0.110642
0.586207 -0.322957
0.62069 -0.520171
0.655172 -0.693062
0.689655 -0.833547
0.724138 -0.935056
0.758621 -0.992842
0.793103 -1.0042
0.827586 -0.968612
0.862069 -0.887727
0.896552 -0.765334
0.931034 -0.607154
0.965517 -0.420585
1 -0.21435
