0 -0.887959
0.0344828 -0.991401
0.0689655 -1.04849
0.103448 -1.05655
0.137931 -1.0152
0.172414 -0.926388
0.206897 -0.794258
0.241379 -0.624989
0.275862 -0.426496
0.310345 -0.208061
0.344828 0.0201029
0.37931 0.247327
0.413793 0.462986
0.448276 0.656997
0.482759 0.820287
0.517241 0.945221
0.551724 1.02596
0.586207 1.05872
0.62069 1.04198
0.655172 0.97652
0.689655 0.865396
0.724138 0.713808
0.758621 0.528843
0.793103 0.31915
0.827586 0.0945332
0.862069 -0.134503
0.896552 -0.357251
0.931034 -0.563293
0.965517 -0.742997
1 -0.887959
