0 -0.856909
0.0344828 -0.971335
0.0689655 -1.04034
0.103448 -1.06071
0.137931 -1.03147
0.172414 -0.954006
0.206897 -0.831933
0.241379 -0.670959
0.275862 -0.478612
0.310345 -0.263886
0.344828 -0.0368206
0.37931 0.191966
0.413793 0.411777
0.448276 0.612334
0.482759 0.784259
0.517241 0.919512
0.551724 1.01177
0.586207 1.05672
0.62069 1.05226
0.655172 0.998593
0.689655 0.898235
0.724138 0.755877
0.758621 0.578175
0.793103 0.373438
0.827586 0.15124
0.862069 -0.0780304
0.896552 -0.303652
0.931034 -0.515075
0.965517 -0.702414
1 -0.856909
