0 -0.823294
0.0344828 -0.948406
0.0689655 -1.02917
0.103448 -1.06182
0.137931 -1.04481
0.172414 -0.978949
0.206897 -0.867314
0.241379 -0.715124
0.275862 -0.529497
0.310345 -0.31911
0.344828 -0.0938021
0.37931 0.135892
0.413793 0.359231
0.448276 0.565774
0.482759 0.745861
0.517241 0.891073
0.551724 0.99462
0.586207 1.05166
0.62069 1.05952
0.655172 1.01785
0.689655 0.928575
0.724138 0.795885
0.758621 0.62598
0.793103 0.426805
0.827586 0.207673
0.862069 -0.0211689
0.896552 -0.249021
0.931034 -0.46523
0.965517 -0.659685
1 -0.823294
