0 -0.787203
0.0344828 -0.922671
0.0689655 -1.015
0.103448 -1.05986
0.137931 -1.05517
0.172414 -1.00114
0.206897 -0.900292
0.241379 -0.757352
0.275862 -0.578998
0.310345 -0.373572
0.344828 -0.150677
0.37931 0.0792625
0.413793 0.305496
0.448276 0.517445
0.482759 0.705199
0.517241 0.859979
0.551724 0.974546
0.586207 1.04355
0.62069 1.06375
0.655172 1.03421
0.689655 0.95632
0.724138 0.833709
0.758621 0.672115
0.793103 0.479094
0.827586 0.26367
0.862069 0.035918
0.896552 -0.193514
0.931034 -0.413897
0.965517 -0.614927
1 -0.787203
