0 -0.748735
0.0344828 -0.894197
0.0689655 -0.997847
0.103448 -1.05484
0.137931 -1.06251
0.172414 -1.0205
0.206897 -0.930765
0.241379 -0.797513
0.275862 -0.626971
0.310345 -0.427112
0.344828 -0.207282
0.37931 0.0222408
0.413793 0.250723
0.448276 0.467482
0.482759 0.662382
0.517241 0.82631
0.551724 0.951601
0.586207 1.0324
0.62069 1.06492
0.655172 1.04764
0.689655 0.981383
0.724138 0.869235
0.758621 0.716442
0.793103 0.530149
0.827586 0.319067
0.862069 0.093066
0.896552 -0.137287
0.931034 -0.36122
0.965517 -0.568264
1 -0.748735
