0 -0.707994
0.0344828 -0.863058
0.0689655 -0.977767
0.103448 -1.04676
0.137931 -1.0668
0.172414 -1.03696
0.206897 -0.958638
0.241379 -0.835488
0.275862 -0.673271
0.310345 -0.479573
0.344828 -0.263451
0.37931 -0.0350098
0.413793 0.195068
0.448276 0.416025
0.482759 0.617529
0.517241 0.790158
0.551724 0.92584
0.586207 1.01823
0.62069 1.06301
0.655172 1.05808
0.689655 1.00368
0.724138 0.902352
0.758621 0.758828
0.793103 0.579821
0.827586 0.373703
0.862069 0.15011
0.896552 -0.0805011
0.931034 -0.307348
0.965517 -0.519824
1 -0.707994
