0 -0.665089
0.0344828 -0.829337
0.0689655 -0.954805
0.103448 -1.03563
0.137931 -1.06803
0.172414 -1.05048
0.206897 -0.983822
0.241379 -0.871158
0.275862 -0.71776
0.310345 -0.530801
0.344828 -0.319021
0.37931 -0.0923246
0.413793 0.138689
0.448276 0.363217
0.482759 0.570762
0.517241 0.751619
0.551724 0.897331
0.586207 1.00108
0.62069 1.05803
0.655172 1.0655
0.689655 1.02315
0.724138 0.932959
0.758621 0.799144
0.793103 0.627962
0.827586 0.427416
0.862069 0.206886
0.896552 -0.0233188
0.931034 -0.252433
0.965517 -0.469743
1 -0.665089
