0 -0.62014
0.0344828 -0.793122
0.0689655 -0.929018
0.103448 -1.02147
0.137931 -1.06617
0.172414 -1.06101
0.206897 -1.00624
0.241379 -0.904416
0.275862 -0.760305
0.310345 -0.580643
0.344828 -0.373831
0.37931 -0.149538
0.413793 0.0817461
0.448276 0.309208
0.482759 0.522212
0.517241 0.710798
0.551724 0.866148
0.586207 0.980997
0.62069 1.04998
0.655172 1.06986
0.689655 1.03972
0.724138 0.96096
0.758621 0.837269
0.793103 0.674428
0.827586 0.480051
0.862069 0.263228
0.896552 0.034096
0.931034 -0.19663
0.965517 -0.418161
1 -0.62014
