0 -0.57327
0.0344828 -0.754512
0.0689655 -0.900474
0.103448 -1.00433
0.137931 -1.06123
0.172414 -1.0685
0.206897 -1.02581
0.241379 -0.935158
0.275862 -0.800777
0.310345 -0.628952
0.344828 -0.427719
0.37931 -0.206485
0.413793 0.0244028
0.448276 0.25415
0.482759 0.472013
0.517241 0.667806
0.551724 0.832373
0.586207 0.958019
0.62069 1.03887
0.655172 1.07114
0.689655 1.05333
0.724138 0.986266
0.758621 0.873085
0.793103 0.71908
0.827586 0.531451
0.862069 0.318972
0.896552 0.0915782
0.931034 -0.140098
0.965517 -0.365223
1 -0.57327
