0 -0.524609
0.0344828 -0.713612
0.0689655 -0.869247
0.103448 -0.984237
0.137931 -1.05321
0.172414 -1.07293
0.206897 -1.04248
0.241379 -0.963287
0.275862 -0.839052
0.310345 -0.675584
0.344828 -0.480527
0.37931 -0.263001
0.413793 -0.0331767
0.448276 0.198199
0.482759 0.420306
0.517241 0.622761
0.551724 0.796096
0.586207 0.932207
0.62069 1.02473
0.655172 1.06933
0.689655 1.06394
0.724138 1.0088
0.758621 0.906484
0.793103 0.761784
0.827586 0.581464
0.862069 0.373956
0.896552 0.148962
0.931034 -0.0829975
0.965517 -0.311076
1 -0.524609
