0 -0.267161
0.0344828 -0.0521447
0.0689655 0.16531
0.103448 0.375035
0.137931 0.567224
0.172414 0.73289
0.206897 0.864287
0.241379 0.955271
0.275862 1.00159
0.310345 1.00107
0.344828 0.953745
0.37931 0.861823
0.413793 0.729604
0.448276 0.563269
0.482759 0.370596
0.517241 0.160594
0.551724 -0.0569163
0.586207 -0.271766
0.62069 -0.473908
0.655172 -0.65389
0.689655 -0.803298
0.724138 -0.915144
0.758621 -0.984199
0.793103 -1.00723
0.827586 -0.983171
0.862069 -0.913137
0.896552 -0.800406
0.931034 -0.650248
0.965517 -0.469686
1 -0.267161
