0 -0.474292
0.0344828 -0.670532
0.0689655 -0.835419
0.103448 -0.961242
0.137931 -1.04212
0.172414 -1.07427
0.206897 -1.05618
0.241379 -0.988716
0.275862 -0.875015
0.310345 -0.7204
0.344828 -0.5321
0.37931 -0.318919
0.413793 -0.0908266
0.448276 0.141513
0.482759 0.367236
0.517241 0.575787
0.551724 0.757415
0.586207 0.903628
0.62069 1.00759
0.655172 1.06443
0.689655 1.07151
0.724138 1.02848
0.758621 0.93736
0.793103 0.802411
0.827586 0.629943
0.862069 0.428019
0.896552 0.206081
0.931034 -0.0254928
0.965517 -0.255875
1 -0.474292
