0 -0.42246
0.0344828 -0.625391
0.0689655 -0.79908
0.103448 -0.935405
0.137931 -1.02799
0.172414 -1.07251
0.206897 -1.06688
0.241379 -1.01136
0.275862 -0.908555
0.310345 -0.763265
0.344828 -0.582285
0.37931 -0.374079
0.413793 -0.148381
0.448276 0.0842554
0.482759 0.312952
0.517241 0.527015
0.551724 0.716435
0.586207 0.872356
0.62069 0.987487
0.655172 1.05644
0.689655 1.076
0.724138 1.04525
0.758621 0.965619
0.793103 0.840839
0.827586 0.676742
0.862069 0.481002
0.896552 0.26277
0.931034 0.0322517
0.965517 -0.199775
1 -0.42246
