0 -0.369258
0.0344828 -0.578314
0.0689655 -0.760328
0.103448 -0.906791
0.137931 -1.01085
0.172414 -1.06765
0.206897 -1.07452
0.241379 -1.03115
0.275862 -0.939567
0.310345 -0.804048
0.344828 -0.630933
0.37931 -0.428317
0.413793 -0.205672
0.448276 0.0265889
0.482759 0.257607
0.517241 0.476579
0.551724 0.673268
0.586207 0.838475
0.62069 0.964476
0.655172 1.04538
0.689655 1.0774
0.724138 1.05905
0.758621 0.99117
0.793103 0.876948
0.827586 0.721722
0.862069 0.532748
0.896552 0.318864
0.931034 0.0900698
0.965517 -0.142936
1 -0.369258
