0 -0.314836
0.0344828 -0.52943
0.0689655 -0.719269
0.103448 -0.875475
0.137931 -0.990746
0.172414 -1.05969
0.206897 -1.07908
0.241379 -1.04802
0.275862 -0.967955
0.310345 -0.842627
0.344828 -0.6779
0.37931 -0.481474
0.413793 -0.262536
0.448276 -0.0313211
0.482759 0.201358
0.517241 0.424622
0.551724 0.628031
0.586207 0.802074
0.62069 0.938613
0.655172 1.03126
0.689655 1.07569
0.724138 1.06982
0.758621 1.01393
0.793103 0.910629
0.827586 0.764747
0.862069 0.583105
0.896552 0.374199
0.931034 0.147795
0.965517 -0.0855198
1 -0.314836
