0 -0.259347
0.0344828 -0.478876
0.0689655 -0.676013
0.103448 -0.841541
0.137931 -0.967719
0.172414 -1.04865
0.206897 -1.08054
0.241379 -1.06191
0.275862 -0.993629
0.310345 -0.878884
0.344828 -0.723044
0.37931 -0.533395
0.413793 -0.318805
0.448276 -0.0893078
0.482759 0.144365
0.517241 0.371288
0.551724 0.580849
0.586207 0.763251
0.62069 0.909964
0.655172 1.01413
0.689655 1.07087
0.724138 1.07754
0.758621 1.03383
0.793103 0.941777
0.827586 0.805687
0.862069 0.631924
0.896552 0.428612
0.931034 0.20526
0.965517 -0.027691
1 -0.259347
