0 -0.202949
0.0344828 -0.426792
0.0689655 -0.63068
0.103448 -0.805077
0.137931 -0.94183
0.172414 -1.03454
0.206897 -1.07888
0.241379 -1.07278
0.275862 -1.01651
0.310345 -0.912707
0.344828 -0.76623
0.37931 -0.583925
0.413793 -0.374316
0.448276 -0.147204
0.482759 0.0867907
0.517241 0.316727
0.551724 0.531854
0.586207 0.722112
0.62069 0.878604
0.655172 0.994014
0.689655 1.06295
0.724138 1.08217
0.758621 1.0508
0.793103 0.970295
0.827586 0.844419
0.862069 0.679058
0.896552 0.481945
0.931034 0.262297
0.965517 0.0303848
1 -0.202949
