0 -0.145802
0.0344828 -0.373326
0.0689655 -0.583394
0.103448 -0.766184
0.137931 -0.913147
0.172414 -1.01741
0.206897 -1.07411
0.241379 -1.08057
0.275862 -1.03652
0.310345 -0.943992
0.344828 -0.807328
0.37931 -0.632914
0.413793 -0.428906
0.448276 -0.204842
0.482759 0.0287993
0.517241 0.261094
0.551724 0.481181
0.586207 0.678768
0.62069 0.844617
0.655172 0.970972
0.689655 1.05193
0.724138 1.08369
0.758621 1.06479
0.793103 0.996093
0.827586 0.880823
0.862069 0.724367
0.896552 0.53404
0.931034 0.318743
0.965517 0.0885405
1 -0.145802
