0 -0.0880682
0.0344828 -0.318627
0.0689655 -0.534287
0.103448 -0.724965
0.137931 -0.881743
0.172414 -0.997293
0.206897 -1.06621
0.241379 -1.08527
0.275862 -1.05359
0.310345 -0.972641
0.344828 -0.846213
0.37931 -0.680217
0.413793 -0.482415
0.448276 -0.262055
0.482759 -0.0294428
0.517241 0.204547
0.551724 0.428972
0.586207 0.633338
0.62069 0.808091
0.655172 0.945058
0.689655 1.03784
0.724138 1.08208
0.758621 1.07574
0.793103 1.01909
0.827586 0.914789
0.862069 0.767715
0.896552 0.584744
0.931034 0.37443
0.965517 0.146609
1 -0.0880682
