0 -0.0299138
0.0344828 -0.26285
0.0689655 -0.483495
0.103448 -0.681532
0.137931 -0.847702
0.172414 -0.974235
0.206897 -1.05521
0.241379 -1.08685
0.275862 -1.06767
0.310345 -0.998563
0.344828 -0.882766
0.37931 -0.725692
0.413793 -0.534685
0.448276 -0.318677
0.482759 -0.087768
0.517241 0.147245
0.551724 0.375373
0.586207 0.585949
0.62069 0.769126
0.655172 0.91634
0.689655 1.02071
0.724138 1.07735
0.758621 1.08361
0.793103 1.03921
0.827586 0.946211
0.862069 0.808971
0.896552 0.633904
0.931034 0.429197
0.965517 0.204421
1 -0.0299138
