0 0.028495
0.0344828 -0.206152
0.0689655 -0.43116
0.103448 -0.636007
0.137931 -0.811115
0.172414 -0.948296
0.206897 -1.04114
0.241379 -1.08529
0.275862 -1.0787
0.310345 -1.02168
0.344828 -0.916875
0.37931 -0.769202
0.413793 -0.585562
0.448276 -0.374542
0.482759 -0.146008
0.517241 0.0893523
0.551724 0.320535
0.586207 0.536729
0.62069 0.727827
0.655172 0.884893
0.689655 1.00058
0.724138 1.06948
0.758621 1.08838
0.793103 1.05638
0.827586 0.97499
0.862069 0.848009
0.896552 0.681376
0.931034 0.482882
0.965517 0.26181
1 0.028495
