0 -0.319354
0.0344828 -0.106204
0.0689655 0.111913
0.103448 0.324796
0.137931 0.522492
0.172414 0.695757
0.206897 0.836489
0.241379 0.938108
0.275862 0.995862
0.310345 1.00705
0.344828 0.971151
0.37931 0.889841
0.413793 0.766923
0.448276 0.608145
0.482759 0.42093
0.517241 0.214033
0.551724 -0.00287133
0.586207 -0.219642
0.62069 -0.426142
0.655172 -0.612716
0.689655 -0.770641
0.724138 -0.892531
0.758621 -0.972687
0.793103 -1.00736
0.827586 -0.994933
0.862069 -0.935983
0.896552 -0.833267
0.931034 -0.691588
0.965517 -0.517572
1 -0.319354
