0 0.0869902
0.0344828 -0.148695
0.0689655 -0.377428
0.103448 -0.588512
0.137931 -0.772078
0.172414 -0.919543
0.206897 -1.02401
0.241379 -1.0806
0.275862 -1.08666
0.310345 -1.0419
0.344828 -0.948434
0.37931 -0.810616
0.413793 -0.634894
0.448276 -0.429486
0.482759 -0.203995
0.517241 0.0310344
0.551724 0.264613
0.586207 0.485818
0.62069 0.684307
0.655172 0.850798
0.689655 0.977507
0.724138 1.05851
0.758621 1.09002
0.793103 1.07056
0.827586 1.00104
0.862069 0.884711
0.896552 0.727017
0.931034 0.535328
0.965517 0.318608
1 0.0869902
