0 0.145403
0.0344828 -0.0906429
0.0689655 -0.322451
0.103448 -0.539181
0.137931 -0.7307
0.172414 -0.888052
0.206897 -1.00388
0.241379 -1.07277
0.275862 -1.09149
0.310345 -1.05918
0.344828 -0.977345
0.37931 -0.849808
0.413793 -0.682535
0.448276 -0.483348
0.482759 -0.26156
0.517241 -0.0275416
0.551724 0.207765
0.586207 0.433356
0.62069 0.638684
0.655172 0.814148
0.689655 0.951543
0.724138 1.04445
0.758621 1.08851
0.793103 1.08168
0.827586 1.02427
0.862069 0.918964
0.896552 0.77069
0.931034 0.586379
0.965517 0.37465
1 0.145403
