0 0.203565
0.0344828 -0.0321612
0.0689655 -0.266383
0.103448 -0.48815
0.137931 -0.687091
0.172414 -0.853904
0.206897 -0.98079
0.241379 -1.06182
0.275862 -1.09319
0.310345 -1.07345
0.344828 -1.00352
0.37931 -0.886659
0.413793 -0.728343
0.448276 -0.53597
0.482759 -0.318536
0.517241 -0.0862071
0.551724 0.150152
0.586207 0.379491
0.62069 0.591085
0.655172 0.775041
0.689655 0.922756
0.724138 1.02732
0.758621 1.08386
0.793103 1.08971
0.827586 1.04461
0.862069 0.950661
0.896552 0.812263
0.931034 0.635884
0.965517 0.429772
1 0.203565
