0 0.261306
0.0344828 0.0265823
0.0689655 -0.209385
0.103448 -0.435561
0.137931 -0.641371
0.172414 -0.817192
0.206897 -0.954801
0.241379 -1.04776
0.275862 -1.09174
0.310345 -1.08466
0.344828 -1.02687
0.37931 -0.921056
0.413793 -0.772179
0.448276 -0.587196
0.482759 -0.374756
0.517241 -0.144793
0.551724 0.0919402
0.586207 0.324375
0.62069 0.541641
0.655172 0.733582
0.689655 0.891221
0.724138 1.00719
0.758621 1.07606
0.793103 1.09461
0.827586 1.06199
0.862069 0.979704
0.896552 0.85161
0.931034 0.683695
0.965517 0.483812
1 0.261306
