0 0.31846
0.0344828 0.0854187
0.0689655 -0.151617
0.103448 -0.381563
0.137931 -0.593668
0.172414 -0.778013
0.206897 -0.925979
0.241379 -1.03065
0.275862 -1.08712
0.310345 -1.09277
0.344828 -1.04732
0.37931 -0.952892
0.413793 -0.813912
0.448276 -0.636874
0.482759 -0.430057
0.517241 -0.20313
0.551724 0.0332942
0.586207 0.268162
0.62069 0.490491
0.655172 0.689884
0.689655 0.85702
0.724138 0.984082
0.758621 1.06513
0.793103 1.09637
0.827586 1.07635
0.862069 1.006
0.896552 0.888611
0.931034 0.72967
0.965517 0.536611
1 0.31846
