0 0.374859
0.0344828 0.144178
0.0689655 -0.0932441
0.103448 -0.326307
0.137931 -0.544111
0.172414 -0.736474
0.206897 -0.8944
0.241379 -1.0105
0.275862 -1.07936
0.310345 -1.09774
0.344828 -1.0648
0.37931 -0.982067
0.413793 -0.853414
0.448276 -0.684856
0.482759 -0.484274
0.517241 -0.261049
0.551724 -0.0256173
0.586207 0.211012
0.62069 0.437775
0.655172 0.644068
0.689655 0.820245
0.724138 0.958069
0.758621 1.05109
0.793103 1.09497
0.827586 1.08765
0.862069 1.02947
0.896552 0.923152
0.931034 0.77367
0.965517 0.588012
1 0.374859
