0 0.430338
0.0344828 0.202691
0.0689655 -0.0344335
0.103448 -0.269948
0.137931 -0.49284
0.172414 -0.692688
0.206897 -0.860146
0.241379 -0.987385
0.275862 -1.06845
0.310345 -1.09956
0.344828 -1.07926
0.37931 -1.00849
0.413793 -0.890565
0.448276 -0.730998
0.482759 -0.53725
0.517241 -0.318381
0.551724 -0.084625
0.586207 0.153088
0.62069 0.383643
0.655172 0.596259
0.689655 0.780995
0.724138 0.929213
0.758621 1.03398
0.793103 1.0904
0.827586 1.09584
0.862069 1.05003
0.896552 0.955127
0.931034 0.815563
0.965517 0.637863
1 0.430338
