0 0.484735
0.0344828 0.260788
0.0689655 0.0246464
0.103448 -0.212647
0.137931 -0.439998
0.172414 -0.646775
0.206897 -0.823309
0.241379 -0.961346
0.275862 -1.05443
0.310345 -1.09821
0.344828 -1.09064
0.37931 -1.03208
0.413793 -0.925252
0.448276 -0.775163
0.482759 -0.588827
0.517241 -0.374959
0.551724 -0.143559
0.586207 0.0945547
0.62069 0.328247
0.655172 0.54659
0.689655 0.739376
0.724138 0.897589
0.758621 1.01383
0.793103 1.08267
0.827586 1.10088
0.862069 1.06762
0.896552 0.984436
0.931034 0.855221
0.965517 0.686016
1 0.484735
