0 0.537889
0.0344828 0.318299
0.0689655 0.0838258
0.103448 -0.154567
0.137931 -0.385732
0.172414 -0.598861
0.206897 -0.783988
0.241379 -0.932456
0.275862 -1.03732
0.310345 -1.09369
0.344828 -1.09891
0.37931 -1.05275
0.413793 -0.957366
0.448276 -0.817216
0.482759 -0.638853
0.517241 -0.430618
0.551724 -0.202248
0.586207 0.035579
0.62069 0.271742
0.655172 0.495199
0.689655 0.695501
0.724138 0.863282
0.758621 0.990697
0.793103 1.07179
0.827586 1.10276
0.862069 1.08218
0.896552 1.01099
0.931034 0.892523
0.965517 0.732327
1 0.537889
