0 0.589642
0.0344828 0.375057
0.0689655 0.142934
0.103448 -0.0958721
0.137931 -0.330195
0.172414 -0.549079
0.206897 -0.742288
0.241379 -0.900789
0.275862 -1.01717
0.310345 -1.08599
0.344828 -1.10403
0.37931 -1.07044
0.413793 -0.986808
0.448276 -0.85703
0.482759 -0.687178
0.517241 -0.485194
0.551724 -0.260523
0.586207 -0.0236697
0.62069 0.21429
0.655172 0.442229
0.689655 0.649491
0.724138 0.826383
0.758621 0.964634
0.793103 1.05778
0.827586 1.10147
0.862069 1.09365
0.896552 1.03469
0.931034 0.927355
0.965517 0.776656
1 0.589642
