0 -0.370775
0.0344828 -0.160112
0.0689655 0.0580377
0.103448 0.273473
0.137931 0.476122
0.172414 0.656508
0.206897 0.806196
0.241379 0.918187
0.275862 0.987245
0.310345 1.01014
0.344828 0.985802
0.37931 0.91537
0.413793 0.802135
0.448276 0.651394
0.482759 0.470194
0.517241 0.267009
0.551724 0.0513381
0.586207 -0.166733
0.62069 -0.377008
0.655172 -0.569654
0.689655 -0.735664
0.724138 -0.867275
0.758621 -0.958333
0.793103 -1.00458
0.827586 -1.00386
0.862069 -0.956191
0.896552 -0.863816
0.931034 -0.73105
0.965517 -0.564101
1 -0.370775
