0 0.639842
0.0344828 0.430895
0.0689655 0.2018
0.103448 -0.0367309
0.137931 -0.273544
0.172414 -0.497567
0.206897 -0.698324
0.241379 -0.866429
0.275862 -0.99402
0.310345 -1.07513
0.344828 -1.10597
0.37931 -1.0851
0.413793 -1.01349
0.448276 -0.894484
0.482759 -0.733657
0.517241 -0.538525
0.551724 -0.318213
0.586207 -0.0830213
0.62069 0.156052
0.655172 0.387829
0.689655 0.601472
0.724138 0.78699
0.758621 0.935709
0.793103 1.04068
0.827586 1.09698
0.862069 1.10199
0.896552 1.05548
0.931034 0.95961
0.965517 0.818871
1 0.639842
