0 0.688339
0.0344828 0.48565
0.0689655 0.260253
0.103448 0.0226872
0.137931 -0.21594
0.172414 -0.44447
0.206897 -0.652217
0.241379 -0.829467
0.275862 -0.967932
0.310345 -1.06114
0.344828 -1.10473
0.37931 -1.09666
0.413793 -1.03731
0.448276 -0.929462
0.482759 -0.778152
0.517241 -0.590456
0.551724 -0.375151
0.586207 -0.142304
0.62069 0.0971961
0.655172 0.332152
0.689655 0.551577
0.724138 0.74521
0.758621 0.903999
0.793103 1.02052
0.827586 1.08932
0.862069 1.10718
0.896552 1.07328
0.931034 0.989186
0.965517 0.858842
1 0.688339
