0 0.734988
0.0344828 0.539161
0.0689655 0.318124
0.103448 0.0822113
0.137931 -0.157545
0.172414 -0.389935
0.206897 -0.604092
0.241379 -0.790002
0.275862 -0.938973
0.310345 -1.04404
0.344828 -1.10029
0.37931 -1.10508
0.413793 -1.05821
0.448276 -0.961857
0.482759 -0.820528
0.517241 -0.640831
0.551724 -0.43117
0.586207 -0.201348
0.62069 0.0378891
0.655172 0.275354
0.689655 0.499944
0.724138 0.701158
0.758621 0.869585
0.793103 0.997352
0.827586 1.07848
0.862069 1.10919
0.896552 1.08803
0.931034 1.01599
0.965517 0.896447
1 0.734988
