0 0.779649
0.0344828 0.591269
0.0689655 0.375242
0.103448 0.14167
0.137931 -0.0985269
0.172414 -0.334117
0.206897 -0.554084
0.241379 -0.748142
0.275862 -0.907219
0.310345 -1.02387
0.344828 -1.09265
0.37931 -1.11034
0.413793 -1.07611
0.448276 -0.991568
0.482759 -0.860656
0.517241 -0.689501
0.551724 -0.486105
0.586207 -0.25998
0.62069 -0.0216987
0.655172 0.217597
0.689655 0.446719
0.724138 0.654952
0.758621 0.832561
0.793103 0.97124
0.827586 1.0645
0.862069 1.10799
0.896552 1.09968
0.931034 1.03994
0.965517 0.931573
1 0.779649
