0 0.822187
0.0344828 0.64182
0.0689655 0.431442
0.103448 0.200891
0.137931 -0.0390536
0.172414 -0.277172
0.206897 -0.502331
0.241379 -0.704
0.275862 -0.872752
0.310345 -1.00069
0.344828 -1.08185
0.37931 -1.11241
0.413793 -1.09096
0.448276 -1.0185
0.482759 -0.898414
0.517241 -0.73632
0.551724 -0.539795
0.586207 -0.318031
0.62069 -0.0813959
0.655172 0.159045
0.689655 0.39205
0.724138 0.606722
0.758621 0.793025
0.793103 0.942247
0.827586 1.04741
0.862069 1.1036
0.896552 1.10818
0.931034 1.06095
0.965517 0.964109
1 0.822187
