0 0.862473
0.0344828 0.690663
0.0689655 0.486558
0.103448 0.259703
0.137931 0.0207043
0.172414 -0.219263
0.206897 -0.448977
0.241379 -0.657698
0.275862 -0.835665
0.310345 -0.974558
0.344828 -1.06788
0.37931 -1.11127
0.413793 -1.1027
0.448276 -1.04257
0.482759 -0.933687
0.517241 -0.781147
0.551724 -0.592082
0.586207 -0.375331
0.62069 -0.14103
0.655172 0.0998645
0.689655 0.33609
0.724138 0.5566
0.758621 0.751084
0.793103 0.910449
0.827586 1.02724
0.862069 1.096
0.896552 1.11351
0.931034 1.07896
0.965517 0.993954
1 0.862473
