0 0.900384
0.0344828 0.737652
0.0689655 0.540428
0.103448 0.317935
0.137931 0.080575
0.172414 -0.160552
0.206897 -0.394173
0.241379 -0.609362
0.275862 -0.796058
0.310345 -0.945531
0.344828 -1.05079
0.37931 -1.10692
0.413793 -1.11129
0.448276 -1.0637
0.482759 -0.966364
0.517241 -0.823848
0.551724 -0.642808
0.586207 -0.431712
0.62069 -0.20043
0.655172 0.0402245
0.689655 0.278998
0.724138 0.504726
0.758621 0.706853
0.793103 0.875929
0.827586 1.00405
0.862069 1.08522
0.896552 1.11564
0.931034 1.0939
0.965517 1.02102
1 0.900384
