0 0.935804
0.0344828 0.782647
0.0689655 0.592893
0.103448 0.375417
0.137931 0.140386
0.172414 -0.101209
0.206897 -0.338071
0.241379 -0.559126
0.275862 -0.754037
0.310345 -0.913689
0.344828 -1.03062
0.37931 -1.09936
0.413793 -1.11669
0.448276 -1.08181
0.482759 -0.996345
0.517241 -0.864292
0.551724 -0.691825
0.586207 -0.48701
0.62069 -0.259422
0.655172 -0.019704
0.689655 0.220935
0.724138 0.451244
0.758621 0.660453
0.793103 0.83878
0.827586 0.977886
0.862069 1.07127
0.896552 1.11456
0.931034 1.10573
0.965517 1.04521
1 0.935804
