0 0.968624
0.0344828 0.825511
0.0689655 0.643797
0.103448 0.43198
0.137931 0.199964
0.172414 -0.0414018
0.206897 -0.280832
0.241379 -0.50713
0.275862 -0.709716
0.310345 -0.879116
0.344828 -1.00741
0.37931 -1.0886
0.413793 -1.11889
0.448276 -1.09685
0.482759 -1.02354
0.517241 -0.902357
0.551724 -0.738986
0.586207 -0.54106
0.62069 -0.317835
0.655172 -0.0797487
0.689655 0.162067
0.724138 0.396304
0.758621 0.612011
0.793103 0.799101
0.827586 0.948825
0.862069 1.05418
0.896552 1.11025
0.931034 1.1144
0.965517 1.06645
1 0.968624
