0 0.998741
0.0344828 0.866114
0.0689655 0.692988
0.103448 0.487459
0.137931 0.259137
0.172414 0.0186977
0.206897 -0.222616
0.241379 -0.45352
0.275862 -0.663218
0.310345 -0.841905
0.344828 -0.981225
0.37931 -1.07466
0.413793 -1.11785
0.448276 -1.10877
0.482759 -1.04785
0.517241 -0.937926
0.551724 -0.784148
0.586207 -0.593704
0.62069 -0.375499
0.655172 -0.139736
0.689655 0.10256
0.724138 0.340061
0.758621 0.561661
0.793103 0.756999
0.827586 0.91694
0.862069 1.03401
0.896552 1.10272
0.931034 1.11988
0.965517 1.08467
1 0.998741
