0 -0.421273
0.0344828 -0.213714
0.0689655 0.00383949
0.103448 0.221213
0.137931 0.428243
0.172414 0.615248
0.206897 0.773486
0.241379 0.895556
0.275862 0.97575
0.310345 1.01032
0.344828 0.997649
0.37931 0.938328
0.413793 0.835132
0.448276 0.692887
0.482759 0.518242
0.517241 0.319366
0.551724 0.105556
0.586207 -0.11319
0.62069 -0.326643
0.655172 -0.524822
0.689655 -0.698461
0.724138 -0.839441
0.758621 -0.94117
0.793103 -0.998891
0.827586 -1.0099
0.862069 -0.973696
0.896552 -0.891959
0.931034 -0.768514
0.965517 -0.609135
1 -0.421273
