0 1.02606
0.0344828 0.904333
0.0689655 0.74032
0.103448 0.54169
0.137931 0.317732
0.172414 0.0789168
0.206897 -0.163589
0.241379 -0.398445
0.275862 -0.61467
0.310345 -0.802154
0.344828 -0.95213
0.37931 -1.05759
0.413793 -1.11359
0.448276 -1.11752
0.482759 -1.0692
0.517241 -0.970888
0.551724 -0.827176
0.586207 -0.644785
0.62069 -0.432245
0.655172 -0.199494
0.689655 0.0425855
0.724138 0.282674
0.758621 0.509544
0.793103 0.712589
0.827586 0.882314
0.862069 1.01078
0.896552 1.09199
0.931034 1.12213
0.965517 1.09981
1 1.02606
