0 1.0505
0.0344828 0.940051
0.0689655 0.78565
0.103448 0.594514
0.137931 0.375579
0.172414 0.139082
0.206897 -0.103918
0.241379 -0.342059
0.275862 -0.564206
0.310345 -0.759971
0.344828 -0.920201
0.37931 -1.0374
0.413793 -1.1061
0.448276 -1.12307
0.482759 -1.08753
0.517241 -1.00114
0.551724 -0.867938
0.586207 -0.694151
0.62069 -0.487906
0.655172 -0.258848
0.689655 -0.0176854
0.724138 0.224304
0.758621 0.455805
0.793103 0.665993
0.827586 0.84504
0.862069 0.984574
0.896552 1.07807
0.931034 1.12116
0.965517 1.11182
1 1.0505
