0 1.07197
0.0344828 0.973156
0.0689655 0.828842
0.103448 0.645773
0.137931 0.432508
0.172414 0.199019
0.206897 -0.0437757
0.241379 -0.284523
0.275862 -0.511967
0.310345 -0.715472
0.344828 -0.885522
0.37931 -1.01417
0.413793 -1.09539
0.448276 -1.12539
0.482759 -1.10277
0.517241 -1.02859
0.551724 -0.906312
0.586207 -0.741655
0.62069 -0.542319
0.655172 -0.317625
0.689655 -0.0780794
0.724138 0.165117
0.758621 0.400594
0.793103 0.617338
0.827586 0.805217
0.862069 0.955445
0.896552 1.061
0.931034 1.11694
0.965517 1.12065
1 1.07197
