0 1.0904
0.0344828 1.00355
0.0689655 0.869765
0.103448 0.695315
0.137931 0.488352
0.172414 0.258554
0.206897 0.0166671
0.241379 -0.226
0.275862 -0.458099
0.310345 -0.668778
0.344828 -0.848185
0.37931 -0.987933
0.413793 -1.08149
0.448276 -1.12447
0.482759 -1.11487
0.517241 -1.05315
0.551724 -0.942179
0.586207 -0.787154
0.62069 -0.595323
0.655172 -0.375655
0.689655 -0.138422
0.724138 0.105283
0.758621 0.344066
0.793103 0.566761
0.827586 0.762954
0.862069 0.923472
0.896552 1.04081
0.931034 1.10948
0.965517 1.12627
1 1.0904
