0 1.10574
0.0344828 1.03113
0.0689655 0.908294
0.103448 0.742991
0.137931 0.542947
0.172414 0.317515
0.206897 0.0772364
0.241379 -0.166654
0.275862 -0.402751
0.310345 -0.620017
0.344828 -0.808291
0.37931 -0.95877
0.413793 -1.06442
0.448276 -1.1203
0.482759 -1.12379
0.517241 -1.07474
0.551724 -0.975428
0.586207 -0.830511
0.62069 -0.646761
0.655172 -0.432768
0.689655 -0.19854
0.724138 0.0449723
0.758621 0.286381
0.793103 0.5144
0.827586 0.718365
0.862069 0.88874
0.896552 1.01756
0.931034 1.0988
0.965517 1.12866
1 1.10574
