0 1.11794
0.0344828 1.05581
0.0689655 0.944311
0.103448 0.78866
0.137931 0.596132
0.172414 0.375729
0.206897 0.137757
0.241379 -0.106655
0.275862 -0.346081
0.310345 -0.569324
0.344828 -0.765947
0.37931 -0.926754
0.413793 -1.04423
0.448276 -1.11287
0.482759 -1.12948
0.517241 -1.09328
0.551724 -1.00596
0.586207 -0.871595
0.62069 -0.696479
0.655172 -0.488796
0.689655 -0.258257
0.724138 -0.0156428
0.758621 0.227703
0.793103 0.460402
0.827586 0.671572
0.862069 0.851341
0.896552 0.991302
0.931034 1.08491
0.965517 1.12779
1 1.11794
