0 1.12693
0.0344828 1.07751
0.0689655 0.977705
0.103448 0.832182
0.137931 0.647748
0.172414 0.433026
0.206897 0.198055
0.241379 -0.0461755
0.275862 -0.288247
0.310345 -0.516841
0.344828 -0.721268
0.37931 -0.891969
0.413793 -1.02096
0.448276 -1.10222
0.482759 -1.13193
0.517241 -1.10872
0.551724 -1.03367
0.586207 -0.91028
0.62069 -0.744328
0.655172 -0.543573
0.689655 -0.317401
0.724138 -0.0763878
0.758621 0.168197
0.793103 0.404918
0.827586 0.622705
0.862069 0.811375
0.896552 0.962106
0.931034 1.06785
0.965517 1.12366
1 1.12693
