0 1.1327
0.0344828 1.09616
0.0689655 1.00837
0.103448 0.873427
0.137931 0.697643
0.172414 0.489237
0.206897 0.257956
0.241379 0.0146124
0.275862 -0.229414
0.310345 -0.462714
0.344828 -0.674377
0.37931 -0.854507
0.413793 -0.994682
0.448276 -1.08835
0.482759 -1.13112
0.517241 -1.121
0.551724 -1.05847
0.586207 -0.946447
0.62069 -0.790167
0.655172 -0.596939
0.689655 -0.375799
0.724138 -0.137088
0.758621 0.108034
0.793103 0.348104
0.827586 0.571898
0.862069 0.76895
0.896552 0.930046
0.931034 1.04766
0.965517 1.11628
1 1.1327
