0 1.13522
0.0344828 1.11171
0.0689655 1.03621
0.103448 0.912268
0.137931 0.745666
0.172414 0.544198
0.206897 0.317284
0.241379 0.0755336
0.275862 -0.169748
0.310345 -0.407093
0.344828 -0.625403
0.37931 -0.814469
0.413793 -0.965452
0.448276 -1.07129
0.482759 -1.12704
0.517241 -1.13009
0.551724 -1.08029
0.586207 -0.979985
0.62069 -0.833855
0.655172 -0.648735
0.689655 -0.433281
0.724138 -0.197567
0.758621 0.0473852
0.793103 0.290122
0.827586 0.519292
0.862069 0.724181
0.896552 0.895208
0.931034 1.02438
0.965517 1.10565
1 1.13522
