0 1.13446
0.0344828 1.12408
0.0689655 1.06114
0.103448 0.948586
0.137931 0.791675
0.172414 0.597746
0.206897 0.375867
0.241379 0.136413
0.275862 -0.10942
0.310345 -0.350136
0.344828 -0.574481
0.37931 -0.771963
0.413793 -0.933349
0.448276 -1.05109
0.482759 -1.11969
0.517241 -1.13593
0.551724 -1.09905
0.586207 -1.01079
0.62069 -0.875261
0.655172 -0.698807
0.689655 -0.489677
0.724138 -0.25765
0.758621 -0.0135758
0.793103 0.231133
0.827586 0.465035
0.862069 0.677192
0.896552 0.857684
0.931034 0.998072
0.965517 1.09179
1 1.13446
