0 -0.470701
0.0344828 -0.266853
0.0689655 -0.0505263
0.103448 0.168163
0.137931 0.378988
0.172414 0.572093
0.206897 0.738447
0.241379 0.870273
0.275862 0.961405
0.310345 1.00758
0.344828 1.00665
0.37931 0.958642
0.413793 0.865812
0.448276 0.732498
0.482759 0.564932
0.517241 0.370951
0.551724 0.159625
0.586207 -0.0591649
0.62069 -0.275189
0.655172 -0.478345
0.689655 -0.659134
0.724138 -0.809103
0.758621 -0.921239
0.793103 -0.990299
0.827586 -1.01305
0.862069 -0.988439
0.896552 -0.917606
0.931034 -0.803867
0.965517 -0.65254
1 -0.470701
