0 1.13042
0.0344828 1.13325
0.0689655 1.08308
0.103448 0.98227
0.137931 0.83553
0.172414 0.649722
0.206897 0.433533
0.241379 0.197073
0.275862 -0.0486015
0.310345 -0.292004
0.344828 -0.521752
0.37931 -0.727104
0.413793 -0.898458
0.448276 -1.0278
0.482759 -1.10908
0.517241 -1.13851
0.551724 -1.1147
0.586207 -1.03876
0.62069 -0.914259
0.655172 -0.747005
0.689655 -0.544821
0.724138 -0.317163
0.758621 -0.0746737
0.793103 0.171307
0.827586 0.409277
0.862069 0.62811
0.896552 0.817574
0.931034 0.968808
0.965517 1.07474
1 1.13042
