0 1.12311
0.0344828 1.13916
0.0689655 1.10195
0.103448 1.01321
0.137931 0.877099
0.172414 0.699971
0.206897 0.490115
0.241379 0.25734
0.275862 0.0125332
0.310345 -0.23286
0.344828 -0.467365
0.37931 -0.680016
0.413793 -0.860871
0.448276 -1.00147
0.482759 -1.09525
0.517241 -1.13781
0.551724 -1.12717
0.586207 -1.06382
0.62069 -0.950729
0.655172 -0.793185
0.689655 -0.598552
0.724138 -0.375931
0.758621 -0.135732
0.793103 0.110813
0.827586 0.352177
0.862069 0.577073
0.896552 0.774987
0.931034 0.936662
0.965517 1.05454
1 1.12311
