0 1.11253
0.0344828 1.14181
0.0689655 1.1177
0.103448 1.04132
0.137931 0.916254
0.172414 0.748344
0.206897 0.545443
0.241379 0.317038
0.275862 0.0738082
0.310345 -0.172873
0.344828 -0.41147
0.37931 -0.630828
0.413793 -0.820689
0.448276 -0.972175
0.482759 -1.0782
0.517241 -1.13382
0.551724 -1.13641
0.586207 -1.08587
0.62069 -0.984559
0.655172 -0.837207
0.689655 -0.650708
0.724138 -0.433784
0.758621 -0.196575
0.793103 0.0498243
0.827586 0.293894
0.862069 0.524222
0.896552 0.730038
0.931034 0.901718
0.965517 1.03123
1 1.11253
