0 1.09871
0.0344828 1.14116
0.0689655 1.13026
0.103448 1.0665
0.137931 0.952876
0.172414 0.794696
0.206897 0.599357
0.241379 0.375992
0.275862 0.135047
0.310345 -0.112213
0.344828 -0.354226
0.37931 -0.579676
0.413793 -0.778021
0.448276 -0.939986
0.482759 -1.058
0.517241 -1.12654
0.551724 -1.14241
0.586207 -1.10486
0.62069 -1.01564
0.655172 -0.878938
0.689655 -0.701136
0.724138 -0.49055
0.758621 -0.257026
0.793103 -0.0114844
0.827586 0.234595
0.862069 0.469704
0.896552 0.682851
0.931034 0.864068
0.965517 1.00488
1 1.09871
