0 1.08168
0.0344828 1.13722
0.0689655 1.13959
0.103448 1.08867
0.137931 0.986851
0.172414 0.838886
0.206897 0.651695
0.241379 0.434031
0.275862 0.196073
0.310345 -0.0510538
0.344828 -0.295793
0.37931 -0.526701
0.413793 -0.732982
0.448276 -0.904989
0.482759 -1.03468
0.517241 -1.11599
0.551724 -1.14512
0.586207 -1.1207
0.62069 -1.04388
0.655172 -0.918251
0.689655 -0.749685
0.724138 -0.546064
0.758621 -0.31691
0.793103 -0.072937
0.827586 0.174446
0.862069 0.413672
0.896552 0.633555
0.931034 0.823814
0.965517 0.975553
1 1.08168
