0 1.06147
0.0344828 1.12998
0.0689655 1.14566
0.103448 1.10777
0.137931 1.01807
0.172414 0.88078
0.206897 0.702301
0.241379 0.490984
0.275862 0.256708
0.310345 0.0104295
0.344828 -0.236337
0.37931 -0.472053
0.413793 -0.685696
0.448276 -0.867276
0.482759 -1.0083
0.517241 -1.10218
0.551724 -1.14453
0.586207 -1.13336
0.62069 -1.06919
0.655172 -0.955026
0.689655 -0.796208
0.724138 -0.600161
0.758621 -0.376051
0.793103 -0.134357
0.827586 0.11362
0.862069 0.356284
0.896552 0.582288
0.931034 0.781065
0.965517 0.94332
1 1.06147
