0 1.03813
0.0344828 1.11946
0.0689655 1.14843
0.103448 1.12371
0.137931 1.04645
0.172414 0.920252
0.206897 0.751026
0.241379 0.546683
0.275862 0.316778
0.310345 0.0720601
0.344828 -0.176027
0.37931 -0.415883
0.413793 -0.636293
0.448276 -0.82695
0.482759 -0.978941
0.517241 -1.08516
0.551724 -1.14063
0.586207 -1.14277
0.62069 -1.09148
0.655172 -0.989148
0.689655 -0.840566
0.724138 -0.652681
0.758621 -0.434276
0.793103 -0.195565
0.827586 0.0522899
0.862069 0.2977
0.896552 0.52919
0.931034 0.735936
0.965517 0.90827
1 1.03813
