0 1.01174
0.0344828 1.10567
0.0689655 1.1479
0.103448 1.13646
0.137931 1.07188
0.172414 0.95718
0.206897 0.797722
0.241379 0.600964
0.275862 0.376105
0.310345 0.133661
0.344828 -0.115034
0.37931 -0.35835
0.413793 -0.584909
0.448276 -0.784119
0.482759 -0.946665
0.517241 -1.06495
0.551724 -1.13343
0.586207 -1.14892
0.62069 -1.11068
0.655172 -1.02051
0.689655 -0.882625
0.724138 -0.703467
0.758621 -0.491415
0.793103 -0.256386
0.827586 -0.0093683
0.862069 0.238087
0.896552 0.474411
0.931034 0.688551
0.965517 0.870495
1 1.01174
