0 0.982339
0.0344828 1.08865
0.0689655 1.14405
0.103448 1.14596
0.137931 1.09429
0.172414 0.991449
0.206897 0.842249
0.241379 0.653666
0.275862 0.434518
0.310345 0.195053
0.344828 -0.0535326
0.37931 -0.299615
0.413793 -0.531688
0.448276 -0.7389
0.482759 -0.911562
0.517241 -1.0416
0.551724 -1.12293
0.586207 -1.15176
0.62069 -1.12673
0.655172 -1.04902
0.689655 -0.922256
0.724138 -0.752368
0.758621 -0.547301
0.793103 -0.316642
0.827586 -0.0711775
0.862069 0.177615
0.896552 0.418103
0.931034 0.63904
0.965517 0.830097
1 0.982339
