0 0.95002
0.0344828 1.06843
0.0689655 1.13689
0.103448 1.15218
0.137931 1.11361
0.172414 1.02295
0.206897 0.884472
0.241379 0.704632
0.275862 0.491845
0.310345 0.25606
0.344828 0.00830091
0.37931 -0.239846
0.413793 -0.476778
0.448276 -0.691416
0.482759 -0.873724
0.517241 -1.01518
0.551724 -1.10916
0.586207 -1.15129
0.62069 -1.13958
0.655172 -1.07458
0.689655 -0.959337
0.724138 -0.799237
0.758621 -0.601766
0.793103 -0.376157
0.827586 -0.13296
0.862069 0.116455
0.896552 0.360425
0.931034 0.587541
0.965517 0.787185
1 0.95002
