0 -0.0537426
0.0344828 0.161228
0.0689655 0.368659
0.103448 0.558853
0.137931 0.722915
0.172414 0.853175
0.206897 0.943541
0.241379 0.989788
0.275862 0.989753
0.310345 0.943439
0.344828 0.853011
0.37931 0.722697
0.413793 0.55859
0.448276 0.368365
0.482759 0.160915
0.517241 -0.0540595
0.551724 -0.266506
0.586207 -0.466491
0.62069 -0.644663
0.655172 -0.792692
0.689655 -0.903655
0.724138 -0.972364
0.758621 -0.995607
0.793103 -0.972296
0.827586 -0.903522
0.862069 -0.7925
0.896552 -0.644421
0.931034 -0.46621
0.965517 -0.2662
1 -0.0537426
