0 -0.492039
0.0344828 -0.304102
0.0689655 -0.101945
0.103448 0.104978
0.137931 0.306993
0.172414 0.494653
0.206897 0.659184
0.241379 0.792892
0.275862 0.889525
0.310345 0.944565
0.344828 0.955438
0.37931 0.921636
0.413793 0.84474
0.448276 0.728344
0.482759 0.577892
0.517241 0.400418
0.551724 0.204221
0.586207 -0.00152517
0.62069 -0.2072
0.655172 -0.403186
0.689655 -0.58032
0.724138 -0.730319
0.758621 -0.846169
0.793103 -0.922452
0.827586 -0.955603
0.862069 -0.944072
0.896552 -0.888396
0.931034 -0.79118
0.965517 -0.656969
1 -0.492039
