0 -0.533272
0.0344828 -0.351086
0.0689655 -0.152485
0.103448 0.0532471
0.137931 0.256489
0.172414 0.447738
0.206897 0.618051
0.241379 0.759465
0.275862 0.865367
0.310345 0.930805
0.344828 0.95272
0.37931 0.930087
0.413793 0.863964
0.448276 0.757443
0.482759 0.615505
0.517241 0.444786
0.551724 0.25327
0.586207 0.0499114
0.62069 -0.155781
0.655172 -0.35419
0.689655 -0.536037
0.724138 -0.692819
0.758621 -0.817206
0.793103 -0.903381
0.827586 -0.947316
0.862069 -0.946954
0.896552 -0.902315
0.931034 -0.815484
0.965517 -0.690522
1 -0.533272
