0 -0.572584
0.0344828 -0.396633
0.0689655 -0.202135
0.103448 0.00181416
0.137931 0.205679
0.172414 0.399926
0.206897 0.575473
0.241379 0.724111
0.275862 0.838891
0.310345 0.914445
0.344828 0.947241
0.37931 0.935745
0.413793 0.880495
0.448276 0.784073
0.482759 0.650989
0.517241 0.487466
0.551724 0.301149
0.586207 0.100751
0.62069 -0.104358
0.655172 -0.304588
0.689655 -0.490575
0.724138 -0.653623
0.758621 -0.786109
0.793103 -0.881838
0.827586 -0.936332
0.862069 -0.947045
0.896552 -0.913475
0.931034 -0.837192
0.965517 -0.721762
1 -0.572584
