0 -0.609879
0.0344828 -0.440621
0.0689655 -0.250759
0.103448 -0.0491731
0.137931 0.154712
0.172414 0.351364
0.206897 0.531586
0.241379 0.686952
0.275862 0.810196
0.310345 0.895557
0.344828 0.939042
0.37931 0.938619
0.413793 0.894307
0.448276 0.808179
0.482759 0.68426
0.517241 0.528347
0.551724 0.347728
0.586207 0.150851
0.62069 -0.0530808
0.655172 -0.25453
0.689655 -0.444078
0.724138 -0.612861
0.758621 -0.752988
0.793103 -0.857906
0.827586 -0.922708
0.862069 -0.944367
0.896552 -0.921867
0.931034 -0.856262
0.965517 -0.75062
1 -0.609879
