0 -0.645064
0.0344828 -0.482935
0.0689655 -0.298225
0.103448 -0.0995697
0.137931 0.103741
0.172414 0.302201
0.206897 0.48653
0.241379 0.64811
0.275862 0.779385
0.310345 0.874217
0.344828 0.928171
0.37931 0.938725
0.413793 0.905385
0.448276 0.829711
0.482759 0.71524
0.517241 0.567325
0.551724 0.392883
0.586207 0.20007
0.62069 -0.00209796
0.655172 -0.204168
0.689655 -0.396691
0.724138 -0.570666
0.758621 -0.717956
0.793103 -0.831676
0.827586 -0.906508
0.862069 -0.938952
0.896552 -0.927492
0.931034 -0.872664
0.965517 -0.77703
1 -0.645064
