0 -0.678055
0.0344828 -0.523467
0.0689655 -0.344402
0.103448 -0.149233
0.137931 0.0529134
0.172414 0.252586
0.206897 0.440448
0.241379 0.607715
0.275862 0.746566
0.310345 0.850509
0.344828 0.914682
0.37931 0.936086
0.413793 0.91372
0.448276 0.848629
0.482759 0.743858
0.517241 0.604304
0.551724 0.436494
0.586207 0.248273
0.62069 0.048444
0.655172 -0.15365
0.689655 -0.34856
0.724138 -0.527172
0.758621 -0.681134
0.793103 -0.803246
0.827586 -0.8878
0.862069 -0.930841
0.896552 -0.930357
0.931034 -0.886371
0.965517 -0.800939
1 -0.678055
