0 -0.708776
0.0344828 -0.562114
0.0689655 -0.389169
0.103448 -0.198026
0.137931 0.00237665
0.172414 0.202668
0.206897 0.393483
0.241379 0.565898
0.275862 0.711853
0.310345 0.824523
0.344828 0.898639
0.37931 0.930735
0.413793 0.919312
0.448276 0.864902
0.482759 0.770051
0.517241 0.639192
0.551724 0.478446
0.586207 0.295328
0.62069 0.0984013
0.655172 -0.103127
0.689655 -0.299833
0.724138 -0.482519
0.758621 -0.642643
0.793103 -0.772718
0.827586 -0.866661
0.862069 -0.920081
0.896552 -0.930478
0.931034 -0.897367
0.965517 -0.822297
1 -0.708776
