0 -0.737156
0.0344828 -0.59878
0.0689655 -0.432405
0.103448 -0.245811
0.137931 -0.0477239
0.172414 0.152595
0.206897 0.345779
0.241379 0.522794
0.275862 0.675365
0.310345 0.796356
0.344828 0.88011
0.37931 0.922711
0.413793 0.922168
0.448276 0.878504
0.482759 0.793763
0.517241 0.671907
0.551724 0.518633
0.586207 0.341108
0.62069 0.147633
0.655172 -0.0527447
0.689655 -0.250656
0.724138 -0.436847
0.758621 -0.602612
0.793103 -0.740199
0.827586 -0.843176
0.862069 -0.906726
0.896552 -0.927879
0.931034 -0.905645
0.965517 -0.841064
1 -0.737156
