0 -0.763133
0.0344828 -0.633374
0.0689655 -0.473999
0.103448 -0.29246
0.137931 -0.0972458
0.172414 0.102515
0.206897 0.297483
0.241379 0.478541
0.275862 0.637222
0.310345 0.766108
0.344828 0.859171
0.37931 0.912061
0.413793 0.922304
0.448276 0.88942
0.482759 0.814949
0.517241 0.702371
0.551724 0.556951
0.586207 0.385489
0.62069 0.196002
0.655172 -0.00265029
0.689655 -0.201178
0.724138 -0.3903
0.758621 -0.561171
0.793103 -0.705802
0.827586 -0.817431
0.862069 -0.890838
0.896552 -0.922591
0.931034 -0.911203
0.965517 -0.857209
1 -0.763133
