0 -0.786652
0.0344828 -0.665814
0.0689655 -0.513843
0.103448 -0.337845
0.137931 -0.146049
0.172414 0.052575
0.206897 0.248741
0.241379 0.433276
0.275862 0.597552
0.310345 0.733886
0.344828 0.835906
0.37931 0.898839
0.413793 0.919743
0.448276 0.897641
0.482759 0.833567
0.517241 0.730515
0.551724 0.593306
0.586207 0.428355
0.62069 0.243374
0.655172 0.0470127
0.689655 -0.151546
0.724138 -0.343019
0.758621 -0.518453
0.793103 -0.669645
0.827586 -0.789524
0.862069 -0.872487
0.896552 -0.914652
0.931034 -0.91405
0.965517 -0.870708
1 -0.786652
