0 -0.106857
0.0344828 0.107485
0.0689655 0.316802
0.103448 0.511305
0.137931 0.6819
0.172414 0.82061
0.206897 0.920949
0.241379 0.978226
0.275862 0.989762
0.310345 0.955018
0.344828 0.875618
0.37931 0.755275
0.413793 0.599617
0.448276 0.415921
0.482759 0.212777
0.517241 -0.00031597
0.551724 -0.213394
0.586207 -0.416495
0.62069 -0.60012
0.655172 -0.755684
0.689655 -0.875914
0.724138 -0.955187
0.758621 -0.989796
0.793103 -0.978124
0.827586 -0.920715
0.862069 -0.820255
0.896552 -0.681441
0.931034 -0.510763
0.965517 -0.316203
1 -0.106857
