0 -0.807666
0.0344828 -0.696023
0.0689655 -0.551835
0.103448 -0.381844
0.137931 -0.193998
0.172414 0.00291895
0.206897 0.1997
0.241379 0.387142
0.275862 0.556483
0.310345 0.699803
0.344828 0.810401
0.37931 0.883105
0.413793 0.914517
0.448276 0.903167
0.482759 0.849585
0.517241 0.756278
0.551724 0.627608
0.586207 0.469592
0.62069 0.289619
0.655172 0.0961029
0.689655 -0.101907
0.724138 -0.295151
0.758621 -0.474595
0.793103 -0.631847
0.827586 -0.759554
0.862069 -0.851746
0.896552 -0.904111
0.931034 -0.914201
0.965517 -0.881543
1 -0.807666
