0 -0.826136
0.0344828 -0.723934
0.0689655 -0.587882
0.103448 -0.424342
0.137931 -0.24096
0.172414 -0.0463103
0.206897 0.150504
0.241379 0.340282
0.275862 0.514148
0.310345 0.663973
0.344828 0.782751
0.37931 0.864929
0.413793 0.906664
0.448276 0.906004
0.482759 0.862981
0.517241 0.779605
0.551724 0.659776
0.586207 0.509096
0.62069 0.334612
0.655172 0.144482
0.689655 -0.0524042
0.724138 -0.24684
0.758621 -0.429734
0.793103 -0.592534
0.827586 -0.727627
0.862069 -0.828698
0.896552 -0.89102
0.931034 -0.911678
0.965517 -0.889708
1 -0.826136
