0 -0.842029
0.0344828 -0.749484
0.0689655 -0.621895
0.103448 -0.465227
0.137931 -0.286805
0.172414 -0.0949726
0.206897 0.101301
0.241379 0.292837
0.275862 0.470681
0.310345 0.626517
0.344828 0.753057
0.37931 0.844385
0.413793 0.89623
0.448276 0.906169
0.482759 0.873736
0.517241 0.800449
0.551724 0.689733
0.586207 0.546766
0.62069 0.378233
0.655172 0.192014
0.689655 -0.00318269
0.724138 -0.198231
0.758621 -0.38401
0.793103 -0.551834
0.827586 -0.693854
0.862069 -0.80343
0.896552 -0.875439
0.931034 -0.906514
0.965517 -0.8952
1 -0.842029
