0 -0.855322
0.0344828 -0.772621
0.0689655 -0.653793
0.103448 -0.504394
0.137931 -0.331411
0.172414 -0.142931
0.206897 0.0522324
0.241379 0.244953
0.275862 0.42622
0.310345 0.587558
0.344828 0.721422
0.37931 0.821553
0.413793 0.883269
0.448276 0.903684
0.482759 0.881845
0.517241 0.818771
0.551724 0.717412
0.586207 0.582508
0.62069 0.420367
0.655172 0.238569
0.689655 0.0456166
0.724138 -0.149469
0.758621 -0.337566
0.793103 -0.509878
0.827586 -0.658349
0.862069 -0.776036
0.896552 -0.857437
0.931034 -0.898745
0.965517 -0.898029
1 -0.855322
