0 -0.865998
0.0344828 -0.793296
0.0689655 -0.6835
0.103448 -0.541744
0.137931 -0.374656
0.172414 -0.190051
0.206897 0.00344158
0.241379 0.196773
0.275862 0.380903
0.310345 0.547223
0.344828 0.687956
0.37931 0.79652
0.413793 0.86784
0.448276 0.89858
0.482759 0.887305
0.517241 0.834539
0.551724 0.742752
0.586207 0.616234
0.62069 0.460902
0.655172 0.284019
0.689655 0.0938547
0.724138 -0.100698
0.758621 -0.290541
0.793103 -0.4668
0.827586 -0.621231
0.862069 -0.746614
0.896552 -0.837087
0.931034 -0.888418
0.965517 -0.898208
1 -0.865998
