0 -0.874051
0.0344828 -0.811471
0.0689655 -0.710949
0.103448 -0.577183
0.137931 -0.416428
0.172414 -0.236202
0.206897 -0.0449315
0.241379 0.14844
0.275862 0.334871
0.310345 0.505643
0.344828 0.652773
0.37931 0.769379
0.413793 0.85001
0.448276 0.890895
0.482759 0.890124
0.517241 0.847731
0.551724 0.765699
0.586207 0.647863
0.62069 0.499735
0.655172 0.328239
0.689655 0.141396
0.724138 -0.0520595
0.758621 -0.24308
0.793103 -0.422735
0.827586 -0.582623
0.862069 -0.715269
0.896552 -0.814469
0.931034 -0.875585
0.965517 -0.89576
1 -0.874051
