0 -0.879478
0.0344828 -0.827116
0.0689655 -0.736079
0.103448 -0.610624
0.137931 -0.456617
0.172414 -0.281259
0.206897 -0.0927492
0.241379 0.100097
0.275862 0.288263
0.310345 0.46295
0.344828 0.61599
0.37931 0.740227
0.413793 0.829852
0.448276 0.880674
0.482759 0.890316
0.517241 0.858329
0.551724 0.786207
0.586207 0.677322
0.62069 0.536767
0.655172 0.371113
0.689655 0.188107
0.724138 -0.00369569
0.758621 -0.195325
0.793103 -0.377821
0.827586 -0.542651
0.862069 -0.682107
0.896552 -0.789669
0.931034 -0.860306
0.965517 -0.890717
1 -0.879478
