0 -0.882288
0.0344828 -0.840207
0.0689655 -0.758839
0.103448 -0.641988
0.137931 -0.495119
0.172414 -0.325098
0.206897 -0.139877
0.241379 0.0518856
0.275862 0.241222
0.310345 0.419278
0.344828 0.57773
0.37931 0.709168
0.413793 0.807446
0.448276 0.867968
0.482759 0.887906
0.517241 0.866326
0.551724 0.804237
0.586207 0.704543
0.62069 0.571906
0.655172 0.412527
0.689655 0.233858
0.724138 0.0442549
0.758621 -0.147418
0.793103 -0.332197
0.827586 -0.501444
0.862069 -0.647243
0.896552 -0.762778
0.931034 -0.842647
0.965517 -0.883114
1 -0.882288
