0 -0.882494
0.0344828 -0.850727
0.0689655 -0.779181
0.103448 -0.671201
0.137931 -0.531836
0.172414 -0.367603
0.206897 -0.186182
0.241379 0.00394508
0.275862 0.193888
0.310345 0.374764
0.344828 0.538117
0.37931 0.676309
0.413793 0.782876
0.448276 0.852838
0.482759 0.882921
0.517241 0.871721
0.551724 0.819759
0.586207 0.729467
0.62069 0.605065
0.655172 0.452371
0.689655 0.278525
0.724138 0.0916557
0.758621 -0.0994996
0.793103 -0.286003
0.827586 -0.459132
0.862069 -0.610793
0.896552 -0.733895
0.931034 -0.82268
0.965517 -0.872997
1 -0.882494
