0 -0.88012
0.0344828 -0.858669
0.0689655 -0.797067
0.103448 -0.698196
0.137931 -0.566677
0.172414 -0.408662
0.206897 -0.231537
0.241379 -0.0435867
0.275862 0.146402
0.310345 0.329545
0.344828 0.497279
0.37931 0.641761
0.413793 0.756234
0.448276 0.835347
0.482759 0.875401
0.517241 0.874521
0.551724 0.83275
0.586207 0.75204
0.62069 0.636166
0.655172 0.490545
0.689655 0.321987
0.724138 0.138373
0.758621 -0.0517108
0.793103 -0.239377
0.827586 -0.41585
0.862069 -0.572878
0.896552 -0.703119
0.931034 -0.800483
0.965517 -0.860418
1 -0.88012
