0 -0.159193
0.0344828 0.0538997
0.0689655 0.264472
0.103448 0.462679
0.137931 0.639251
0.172414 0.785932
0.206897 0.895864
0.241379 0.963907
0.275862 0.986878
0.310345 0.963704
0.344828 0.895468
0.37931 0.785361
0.413793 0.638532
0.448276 0.461845
0.482759 0.263563
0.517241 0.0529573
0.551724 -0.160125
0.586207 -0.365719
0.62069 -0.554214
0.655172 -0.716793
0.689655 -0.845857
0.724138 -0.935369
0.758621 -0.981144
0.793103 -0.981042
0.827586 -0.935067
0.862069 -0.84537
0.896552 -0.716144
0.931034 -0.553433
0.965517 -0.364843
1 -0.159193
