0 -0.875194
0.0344828 -0.864032
0.0689655 -0.812468
0.103448 -0.722914
0.137931 -0.599557
0.172414 -0.448165
0.206897 -0.275818
0.241379 -0.0905743
0.275862 0.0989048
0.310345 0.283759
0.344828 0.455346
0.37931 0.60564
0.413793 0.727616
0.448276 0.815569
0.482759 0.865387
0.517241 0.874741
0.551724 0.843192
0.586207 0.772217
0.62069 0.665134
0.655172 0.52695
0.689655 0.364126
0.724138 0.184277
0.758621 -0.00418981
0.793103 -0.19246
0.827586 -0.371732
0.862069 -0.533621
0.896552 -0.670559
0.931034 -0.776142
0.965517 -0.845434
1 -0.875194
