0 -0.867754
0.0344828 -0.866822
0.0689655 -0.825359
0.103448 -0.745302
0.137931 -0.630396
0.172414 -0.486013
0.206897 -0.318905
0.241379 -0.136885
0.275862 0.051535
0.310345 0.237546
0.344828 0.412449
0.37931 0.568067
0.413793 0.697122
0.448276 0.793581
0.482759 0.852933
0.517241 0.872402
0.551724 0.85108
0.586207 0.789961
0.62069 0.691905
0.655172 0.561496
0.689655 0.404832
0.724138 0.229239
0.758621 0.0429268
0.793103 -0.145393
0.827586 -0.326914
0.862069 -0.493149
0.896552 -0.636325
0.931034 -0.749747
0.965517 -0.828111
1 -0.867754
