0 -0.857844
0.0344828 -0.867055
0.0689655 -0.835725
0.103448 -0.765316
0.137931 -0.659122
0.172414 -0.522109
0.206897 -0.360682
0.241379 -0.18239
0.275862 0.00442995
0.310345 0.191043
0.344828 0.368723
0.37931 0.529162
0.413793 0.664858
0.448276 0.769466
0.482759 0.838095
0.517241 0.867535
0.551724 0.85641
0.586207 0.805241
0.62069 0.716419
0.655172 0.594098
0.689655 0.443998
0.724138 0.273137
0.758621 0.0895049
0.793103 -0.0983128
0.827586 -0.281533
0.862069 -0.45159
0.896552 -0.600531
0.931034 -0.721391
0.965517 -0.80852
1 -0.857844
