0 -0.845513
0.0344828 -0.864752
0.0689655 -0.843557
0.103448 -0.782918
0.137931 -0.685671
0.172414 -0.556362
0.206897 -0.401039
0.241379 -0.226963
0.275862 -0.0422751
0.310345 0.14439
0.344828 0.324303
0.37931 0.489052
0.413793 0.630934
0.448276 0.743314
0.482759 0.820938
0.517241 0.860175
0.551724 0.859191
0.586207 0.818033
0.62069 0.738624
0.655172 0.624678
0.689655 0.481523
0.724138 0.315853
0.758621 0.135413
0.793103 -0.0513584
0.827586 -0.235728
0.862069 -0.409076
0.896552 -0.563295
0.931034 -0.691176
0.965517 -0.786738
1 -0.845513
