0 -0.813826
0.0344828 -0.852662
0.0689655 -0.851628
0.103448 -0.810773
0.137931 -0.732007
0.172414 -0.619013
0.206897 -0.477075
0.241379 -0.312829
0.275862 -0.133956
0.310345 0.0511809
0.344828 0.233924
0.37931 0.40573
0.413793 0.558564
0.448276 0.68528
0.482759 0.779954
0.517241 0.838157
0.551724 0.857169
0.586207 0.836101
0.62069 0.775938
0.655172 0.679493
0.689655 0.551275
0.724138 0.397281
0.758621 0.22471
0.793103 0.0416316
0.827586 -0.143393
0.862069 -0.321713
0.896552 -0.48499
0.931034 -0.625589
0.965517 -0.736937
1 -0.813826
