0 -0.794604
0.0344828 -0.842953
0.0689655 -0.851886
0.103448 -0.820986
0.137931 -0.751698
0.172414 -0.647261
0.206897 -0.512559
0.241379 -0.35389
0.275862 -0.178674
0.310345 0.00489668
0.344828 0.188239
0.37931 0.362779
0.413793 0.520356
0.448276 0.653601
0.482759 0.756285
0.517241 0.823606
0.551724 0.852416
0.586207 0.841368
0.62069 0.790979
0.655172 0.703604
0.689655 0.58333
0.724138 0.435779
0.758621 0.267852
0.793103 0.0874011
0.827586 -0.0971371
0.862069 -0.277133
0.896552 -0.444171
0.931034 -0.59044
0.965517 -0.7091
1 -0.794604
