0 -0.773228
0.0344828 -0.830866
0.0689655 -0.849653
0.103448 -0.828711
0.137931 -0.76902
0.172414 -0.67337
0.206897 -0.546235
0.241379 -0.393558
0.275862 -0.222478
0.310345 -0.040996
0.344828 0.142403
0.37931 0.319144
0.413793 0.480961
0.448276 0.62029
0.482759 0.730614
0.517241 0.806776
0.551724 0.845214
0.586207 0.84413
0.62069 0.803576
0.655172 0.725448
0.689655 0.613398
0.724138 0.472667
0.758621 0.309834
0.793103 0.132514
0.827586 -0.0510025
0.862069 -0.232134
0.896552 -0.402411
0.931034 -0.553872
0.965517 -0.679435
1 -0.773228
