0 -0.74978
0.0344828 -0.816456
0.0689655 -0.844956
0.103448 -0.833947
0.137931 -0.783943
0.172414 -0.697283
0.206897 -0.578019
0.241379 -0.431727
0.275862 -0.265248
0.310345 -0.0863666
0.344828 0.0965533
0.37931 0.274959
0.413793 0.440507
0.448276 0.585458
0.482759 0.703033
0.517241 0.787736
0.551724 0.835604
0.586207 0.844401
0.62069 0.813715
0.655172 0.74498
0.689655 0.641411
0.724138 0.50785
0.758621 0.350542
0.793103 0.176844
0.827586 -0.0051234
0.862069 -0.186851
0.896552 -0.359842
0.931034 -0.516007
0.965517 -0.648044
1 -0.74978
