0 -0.724346
0.0344828 -0.799787
0.0689655 -0.837831
0.103448 -0.836699
0.137931 -0.796444
0.172414 -0.718948
0.206897 -0.607835
0.241379 -0.4683
0.275862 -0.306868
0.310345 -0.131087
0.344828 0.0508233
0.37931 0.230357
0.413793 0.39912
0.448276 0.54922
0.482759 0.673639
0.517241 0.76656
0.551724 0.823637
0.586207 0.842202
0.62069 0.821386
0.655172 0.762164
0.689655 0.667303
0.724138 0.54124
0.758621 0.389869
0.793103 0.220269
0.827586 0.0403685
0.862069 -0.141419
0.896552 -0.316594
0.931034 -0.476966
0.965517 -0.615035
1 -0.724346
