0 -0.210606
0.0344828 0.0006264
0.0689655 0.211829
0.103448 0.413127
0.137931 0.595108
0.172414 0.749262
0.206897 0.868381
0.241379 0.946896
0.275862 0.981135
0.310345 0.969497
0.344828 0.912527
0.37931 0.812888
0.413793 0.675239
0.448276 0.506017
0.482759 0.313134
0.517241 0.105609
0.551724 -0.106854
0.586207 -0.314321
0.62069 -0.50709
0.655172 -0.676148
0.689655 -0.813591
0.724138 -0.912991
0.758621 -0.9697
0.793103 -0.981067
0.827586 -0.946561
0.862069 -0.867794
0.896552 -0.748451
0.931034 -0.59411
0.965517 -0.41199
1 -0.210606
