0 -0.697018
0.0344828 -0.780927
0.0689655 -0.82832
0.103448 -0.836982
0.137931 -0.806508
0.172414 -0.738322
0.206897 -0.635613
0.241379 -0.503184
0.275862 -0.347226
0.310345 -0.175032
0.344828 0.00534577
0.37931 0.185474
0.413793 0.356929
0.448276 0.511695
0.482759 0.642535
0.517241 0.74333
0.551724 0.809368
0.586207 0.837561
0.62069 0.82659
0.655172 0.776969
0.689655 0.691018
0.724138 0.572756
0.758621 0.427712
0.793103 0.262669
0.827586 0.0853435
0.862069 -0.0959724
0.896552 -0.272801
0.931034 -0.436873
0.965517 -0.580518
1 -0.697018
