0 -0.667893
0.0344828 -0.75995
0.0689655 -0.816472
0.103448 -0.834817
0.137931 -0.814126
0.172414 -0.755368
0.206897 -0.66129
0.241379 -0.536291
0.275862 -0.386215
0.310345 -0.218081
0.344828 -0.0397487
0.37931 0.140442
0.413793 0.314065
0.448276 0.473004
0.482759 0.609825
0.517241 0.718131
0.551724 0.792858
0.586207 0.830513
0.62069 0.829333
0.655172 0.789375
0.689655 0.712506
0.724138 0.602321
0.758621 0.463973
0.793103 0.30393
0.827586 0.129675
0.862069 -0.0506434
0.896552 -0.228594
0.931034 -0.395855
0.965517 -0.544607
1 -0.667893
