0 -0.637071
0.0344828 -0.736935
0.0689655 -0.802341
0.103448 -0.83023
0.137931 -0.819299
0.172414 -0.770058
0.206897 -0.68481
0.241379 -0.567541
0.275862 -0.423734
0.310345 -0.260114
0.344828 -0.0843317
0.37931 0.0953941
0.413793 0.270659
0.448276 0.433269
0.482759 0.575619
0.517241 0.691054
0.551724 0.774177
0.586207 0.821099
0.62069 0.829628
0.655172 0.799364
0.689655 0.731723
0.724138 0.629868
0.758621 0.49856
0.793103 0.34394
0.827586 0.173238
0.862069 -0.00556384
0.896552 -0.184106
0.931034 -0.35404
0.965517 -0.507419
1 -0.637071
