0 -0.604658
0.0344828 -0.711969
0.0689655 -0.78599
0.103448 -0.823258
0.137931 -0.822032
0.172414 -0.782368
0.206897 -0.706122
0.241379 -0.596858
0.275862 -0.459686
0.310345 -0.301019
0.344828 -0.128277
0.37931 0.0504627
0.413793 0.226843
0.448276 0.392617
0.482759 0.540032
0.517241 0.662196
0.551724 0.753396
0.586207 0.809368
0.62069 0.827496
0.655172 0.80693
0.689655 0.748633
0.724138 0.655331
0.758621 0.531387
0.793103 0.382595
0.827586 0.215914
0.862069 0.0391367
0.896552 -0.13947
0.931034 -0.311556
0.965517 -0.469074
1 -0.604658
