0 -0.570762
0.0344828 -0.685142
0.0689655 -0.767485
0.103448 -0.813941
0.137931 -0.822338
0.172414 -0.792284
0.206897 -0.725183
0.241379 -0.624174
0.275862 -0.493979
0.310345 -0.340686
0.344828 -0.171463
0.37931 0.00577768
0.413793 0.182748
0.448276 0.351173
0.482759 0.503178
0.517241 0.631655
0.551724 0.730596
0.586207 0.795375
0.62069 0.822964
0.655172 0.812071
0.689655 0.763208
0.724138 0.678657
0.758621 0.562373
0.793103 0.419793
0.827586 0.257584
0.862069 0.083331
0.896552 -0.0948187
0.931034 -0.268535
0.965517 -0.429694
1 -0.570762
