0 -0.535495
0.0344828 -0.656547
0.0689655 -0.746899
0.103448 -0.802327
0.137931 -0.820239
0.172414 -0.799798
0.206897 -0.741958
0.241379 -0.649426
0.275862 -0.526528
0.310345 -0.379009
0.344828 -0.213769
0.37931 -0.0385324
0.413793 0.138505
0.448276 0.309067
0.482759 0.465177
0.517241 0.599536
0.551724 0.705861
0.586207 0.77918
0.62069 0.816067
0.655172 0.814795
0.689655 0.775424
0.724138 0.699795
0.758621 0.591444
0.793103 0.455438
0.827586 0.298137
0.862069 0.126894
0.896552 -0.0502812
0.931034 -0.225106
0.965517 -0.389405
1 -0.535495
