0 -0.498973
0.0344828 -0.626284
0.0689655 -0.724311
0.103448 -0.78847
0.137931 -0.815761
0.172414 -0.804908
0.206897 -0.756418
0.241379 -0.672559
0.275862 -0.557252
0.310345 -0.415889
0.344828 -0.255079
0.37931 -0.0823415
0.413793 0.094246
0.448276 0.266427
0.482759 0.426149
0.517241 0.565946
0.551724 0.679279
0.586207 0.760851
0.62069 0.806845
0.655172 0.815113
0.689655 0.785266
0.724138 0.718702
0.758621 0.618532
0.793103 0.48944
0.827586 0.337462
0.862069 0.169705
0.896552 -0.00598734
0.931034 -0.1814
0.965517 -0.34833
1 -0.498973
