0 -0.461312
0.0344828 -0.594456
0.0689655 -0.699804
0.103448 -0.77243
0.137931 -0.808938
0.172414 -0.807621
0.206897 -0.768541
0.241379 -0.693524
0.275862 -0.586079
0.310345 -0.45123
0.344828 -0.295281
0.37931 -0.125526
0.413793 0.0500991
0.448276 0.223381
0.482759 0.386219
0.517241 0.530997
0.551724 0.650946
0.586207 0.740458
0.62069 0.795346
0.655172 0.813046
0.689655 0.792728
0.724138 0.735343
0.758621 0.643574
0.793103 0.521713
0.827586 0.375456
0.862069 0.211644
0.896552 0.0379357
0.931034 -0.137547
0.965517 -0.306597
1 -0.461312
