0 -0.422633
0.0344828 -0.56117
0.0689655 -0.673467
0.103448 -0.754274
0.137931 -0.799811
0.172414 -0.80795
0.206897 -0.778311
0.241379 -0.712278
0.275862 -0.61294
0.310345 -0.484942
0.344828 -0.334268
0.37931 -0.167965
0.413793 0.00619288
0.448276 0.180061
0.482759 0.345509
0.517241 0.494802
0.551724 0.620959
0.586207 0.71808
0.62069 0.781624
0.655172 0.808621
0.689655 0.797807
0.724138 0.749689
0.758621 0.666516
0.793103 0.552178
0.827586 0.41202
0.862069 0.252597
0.896552 0.0813628
0.931034 -0.093676
0.965517 -0.264335
1 -0.422633
