0 -0.383059
0.0344828 -0.526536
0.0689655 -0.645393
0.103448 -0.734072
0.137931 -0.788427
0.172414 -0.805916
0.206897 -0.785721
0.241379 -0.728786
0.275862 -0.637775
0.310345 -0.516942
0.344828 -0.371937
0.37931 -0.209541
0.413793 -0.0373465
0.448276 0.136594
0.482759 0.304147
0.517241 0.457479
0.551724 0.58942
0.586207 0.6938
0.62069 0.765738
0.655172 0.801872
0.689655 0.800511
0.724138 0.761719
0.758621 0.68731
0.793103 0.580763
0.827586 0.44706
0.862069 0.292453
0.896552 0.124171
0.931034 -0.0499163
0.965517 -0.22167
1 -0.383059
