0 -0.260952
0.0344828 -0.0521816
0.0689655 0.159029
0.103448 0.362803
0.137931 0.549613
0.172414 0.710723
0.206897 0.838601
0.241379 0.927267
0.275862 0.972575
0.310345 0.972407
0.344828 0.926769
0.37931 0.837798
0.413793 0.709651
0.448276 0.548322
0.482759 0.361354
0.517241 0.15749
0.551724 -0.0537385
0.586207 -0.262454
0.62069 -0.458898
0.655172 -0.633884
0.689655 -0.77923
0.724138 -0.888141
0.758621 -0.955523
0.793103 -0.978225
0.827586 -0.955187
0.862069 -0.887486
0.896552 -0.778287
0.931034 -0.632696
0.965517 -0.45752
1 -0.260952
