0 -0.342711
0.0344828 -0.490667
0.0689655 -0.615679
0.103448 -0.711902
0.137931 -0.774838
0.172414 -0.801543
0.206897 -0.790769
0.241379 -0.74302
0.275862 -0.660528
0.310345 -0.54715
0.344828 -0.408188
0.37931 -0.25014
0.413793 -0.080395
0.448276 0.0931088
0.482759 0.262259
0.517241 0.419146
0.551724 0.556434
0.586207 0.667705
0.62069 0.747754
0.655172 0.792838
0.689655 0.800851
0.724138 0.771417
0.758621 0.705912
0.793103 0.607399
0.827586 0.480486
0.862069 0.331105
0.896552 0.166242
0.931034 -0.00639435
0.965517 -0.178732
1 -0.342711
