0 -0.301716
0.0344828 -0.453678
0.0689655 -0.584426
0.103448 -0.687846
0.137931 -0.759104
0.172414 -0.794867
0.206897 -0.793463
0.241379 -0.754957
0.275862 -0.681151
0.310345 -0.575494
0.344828 -0.442928
0.37931 -0.289652
0.413793 -0.122831
0.448276 0.0497328
0.482759 0.219971
0.517241 0.379924
0.551724 0.522112
0.586207 0.639887
0.62069 0.727741
0.655172 0.781567
0.689655 0.798848
0.724138 0.778775
0.758621 0.722288
0.793103 0.632027
0.827586 0.512214
0.862069 0.36845
0.896552 0.207458
0.931034 0.0367647
0.965517 -0.135647
1 -0.301716
