0 -0.260199
0.0344828 -0.415687
0.0689655 -0.551739
0.103448 -0.661991
0.137931 -0.74129
0.172414 -0.785926
0.206897 -0.793814
0.241379 -0.764584
0.275862 -0.699602
0.310345 -0.601908
0.344828 -0.47607
0.37931 -0.327971
0.413793 -0.164536
0.448276 0.00659182
0.482759 0.177412
0.517241 0.339936
0.551724 0.486565
0.586207 0.610443
0.62069 0.705778
0.655172 0.768111
0.689655 0.794528
0.724138 0.783793
0.758621 0.73641
0.793103 0.654593
0.827586 0.542167
0.862069 0.404391
0.896552 0.247706
0.931034 0.0794379
0.965517 -0.0925443
1 -0.260199
