0 -0.218285
0.0344828 -0.376815
0.0689655 -0.517726
0.103448 -0.634428
0.137931 -0.721465
0.172414 -0.774767
0.206897 -0.791842
0.241379 -0.771891
0.275862 -0.715848
0.310345 -0.626332
0.344828 -0.50753
0.37931 -0.364996
0.413793 -0.205395
0.448276 -0.0361902
0.482759 0.134707
0.517241 0.299305
0.551724 0.449908
0.586207 0.579474
0.62069 0.681944
0.655172 0.752527
0.689655 0.787923
0.724138 0.786477
0.758621 0.748256
0.793103 0.675047
0.827586 0.570274
0.862069 0.438835
0.896552 0.286877
0.931034 0.121505
0.965517 -0.0495487
1 -0.218285
