0 -0.176101
0.0344828 -0.337183
0.0689655 -0.482498
0.103448 -0.605252
0.137931 -0.699706
0.172414 -0.761442
0.206897 -0.787573
0.241379 -0.776879
0.275862 -0.729859
0.310345 -0.648711
0.344828 -0.53723
0.37931 -0.400629
0.413793 -0.245295
0.448276 -0.0784914
0.482759 0.0919825
0.517241 0.258155
0.551724 0.412257
0.586207 0.547082
0.62069 0.656327
0.655172 0.734882
0.689655 0.779074
0.724138 0.786839
0.758621 0.757811
0.793103 0.693349
0.827586 0.596467
0.862069 0.471695
0.896552 0.324866
0.931034 0.162848
0.965517 -0.00678533
1 -0.176101
