0 -0.133772
0.0344828 -0.296912
0.0689655 -0.446169
0.103448 -0.574564
0.137931 -0.676092
0.172414 -0.746008
0.206897 -0.78104
0.241379 -0.779553
0.275862 -0.741614
0.310345 -0.668998
0.344828 -0.5651
0.37931 -0.434779
0.413793 -0.284129
0.448276 -0.120192
0.482759 0.049364
0.517241 0.216612
0.551724 0.373732
0.586207 0.513376
0.62069 0.629015
0.655172 0.715243
0.689655 0.768026
0.724138 0.784898
0.758621 0.765068
0.793103 0.709465
0.827586 0.620688
0.862069 0.502888
0.896552 0.361574
0.931034 0.203353
0.965517 0.035623
1 -0.133772
