0 -0.0914235
0.0344828 -0.256127
0.0689655 -0.408855
0.103448 -0.542465
0.137931 -0.65071
0.172414 -0.728529
0.206897 -0.772282
0.241379 -0.779924
0.275862 -0.751098
0.310345 -0.687152
0.344828 -0.591075
0.37931 -0.46736
0.413793 -0.321791
0.448276 -0.161176
0.482759 0.00697494
0.517241 0.1748
0.551724 0.334452
0.586207 0.478465
0.62069 0.600106
0.655172 0.693686
0.689655 0.75483
0.724138 0.78068
0.758621 0.770025
0.793103 0.723365
0.827586 0.642882
0.862069 0.532338
0.896552 0.396902
0.931034 0.242908
0.965517 0.0775554
1 -0.0914235
