0 -0.0491788
0.0344828 -0.214951
0.0689655 -0.370673
0.103448 -0.509063
0.137931 -0.623649
0.172414 -0.709074
0.206897 -0.761344
0.241379 -0.778014
0.275862 -0.758305
0.310345 -0.703138
0.344828 -0.615094
0.37931 -0.498288
0.413793 -0.358183
0.448276 -0.20133
0.482759 -0.0350629
0.517241 0.132844
0.551724 0.294539
0.586207 0.442462
0.62069 0.569695
0.655172 0.670291
0.689655 0.739544
0.724138 0.774217
0.758621 0.772689
0.793103 0.73503
0.827586 0.663003
0.862069 0.559974
0.896552 0.430761
0.931034 0.281406
0.965517 0.118893
1 -0.0491788
