0 -0.0071607
0.0344828 -0.173508
0.0689655 -0.331743
0.103448 -0.474465
0.137931 -0.595002
0.172414 -0.687718
0.206897 -0.748276
0.241379 -0.773846
0.275862 -0.763232
0.310345 -0.71693
0.344828 -0.637105
0.37931 -0.52749
0.413793 -0.39321
0.448276 -0.240543
0.482759 -0.0766297
0.517241 0.0908671
0.551724 0.254115
0.586207 0.405481
0.62069 0.537887
0.655172 0.645142
0.689655 0.722231
0.724138 0.765549
0.758621 0.773071
0.793103 0.744445
0.827586 0.68101
0.862069 0.585731
0.896552 0.463064
0.931034 0.318745
0.965517 0.159522
1 -0.0071607
