0 0.0345099
0.0344828 -0.131921
0.0689655 -0.292184
0.103448 -0.438785
0.137931 -0.564868
0.172414 -0.664539
0.206897 -0.733137
0.241379 -0.767454
0.275862 -0.765886
0.310345 -0.728506
0.344828 -0.657061
0.37931 -0.554894
0.413793 -0.42678
0.448276 -0.27871
0.482759 -0.117608
0.517241 0.0489929
0.551724 0.213303
0.586207 0.36764
0.62069 0.504786
0.655172 0.618328
0.689655 0.702959
0.724138 0.75472
0.758621 0.771191
0.793103 0.751602
0.827586 0.696869
0.862069 0.609551
0.896552 0.493731
0.931034 0.354825
0.965517 0.199328
1 0.0345099
