0 -0.310094
0.0344828 -0.104374
0.0689655 0.106226
0.103448 0.311859
0.137931 0.50291
0.172414 0.670446
0.206897 0.806632
0.241379 0.905101
0.275862 0.961248
0.310345 0.972449
0.344828 0.938179
0.37931 0.860041
0.413793 0.741688
0.448276 0.588654
0.482759 0.408096
0.517241 0.208456
0.551724 -0.000931362
0.586207 -0.210275
0.62069 -0.409787
0.655172 -0.590137
0.689655 -0.742894
0.724138 -0.860913
0.758621 -0.938677
0.793103 -0.97255
0.827586 -0.960947
0.862069 -0.904411
0.896552 -0.805586
0.931034 -0.669093
0.965517 -0.501314
1 -0.310094
