0 0.0757143
0.0344828 -0.0903136
0.0689655 -0.252118
0.103448 -0.402135
0.137931 -0.533347
0.172414 -0.639621
0.206897 -0.715987
0.241379 -0.758875
0.275862 -0.766278
0.310345 -0.737851
0.344828 -0.674922
0.37931 -0.580436
0.413793 -0.458808
0.448276 -0.315727
0.482759 -0.157884
0.517241 0.00734267
0.551724 0.172226
0.586207 0.329055
0.62069 0.470499
0.655172 0.589943
0.689655 0.681801
0.724138 0.741779
0.758621 0.767073
0.793103 0.756499
0.827586 0.710552
0.862069 0.63138
0.896552 0.522686
0.931034 0.389551
0.965517 0.238202
1 0.0757143
