0 0.116336
0.0344828 -0.0488066
0.0689655 -0.211667
0.103448 -0.364631
0.137931 -0.500544
0.172414 -0.613053
0.206897 -0.696896
0.241379 -0.748153
0.275862 -0.764427
0.310345 -0.744957
0.344828 -0.690654
0.37931 -0.604057
0.413793 -0.489215
0.448276 -0.351498
0.482759 -0.197345
0.517241 -0.0339639
0.551724 0.131005
0.586207 0.289848
0.62069 0.435138
0.655172 0.560082
0.689655 0.658836
0.724138 0.726785
0.758621 0.760749
0.793103 0.759142
0.827586 0.722039
0.862069 0.651173
0.896552 0.549859
0.931034 0.422835
0.965517 0.276039
1 0.116336
