0 0.156262
0.0344828 -0.0075209
0.0689655 -0.170952
0.103448 -0.32639
0.137931 -0.466566
0.172414 -0.584926
0.206897 -0.675935
0.241379 -0.735339
0.275862 -0.760358
0.310345 -0.749825
0.344828 -0.70423
0.37931 -0.625707
0.413793 -0.517926
0.448276 -0.385927
0.482759 -0.235883
0.517241 -0.0748091
0.551724 0.0897627
0.586207 0.250137
0.62069 0.398816
0.655172 0.528846
0.689655 0.634148
0.724138 0.709798
0.758621 0.752258
0.793103 0.759544
0.827586 0.731314
0.862069 0.668889
0.896552 0.575188
0.931034 0.454591
0.965517 0.312738
1 0.156262
