0 0.195381
0.0344828 0.0334248
0.0689655 -0.130094
0.103448 -0.28753
0.137931 -0.431522
0.172414 -0.555336
0.206897 -0.653183
0.241379 -0.720488
0.275862 -0.754103
0.310345 -0.752458
0.344828 -0.715629
0.37931 -0.645337
0.413793 -0.544871
0.448276 -0.418927
0.482759 -0.273394
0.517241 -0.115077
0.551724 0.0486197
0.586207 0.210044
0.62069 0.361646
0.655172 0.496338
0.689655 0.607822
0.724138 0.690885
0.758621 0.741643
0.793103 0.757723
0.827586 0.738372
0.862069 0.684496
0.896552 0.598613
0.931034 0.48474
0.965517 0.348201
1 0.195381
