0 0.233586
0.0344828 0.0739139
0.0689655 -0.0892145
0.103448 -0.248171
0.137931 -0.395524
0.172414 -0.524382
0.206897 -0.628721
0.241379 -0.703661
0.275862 -0.7457
0.310345 -0.75287
0.344828 -0.724836
0.37931 -0.66291
0.413793 -0.569987
0.448276 -0.450413
0.482759 -0.309777
0.517241 -0.154657
0.551724 0.00769543
0.586207 0.169688
0.62069 0.323745
0.655172 0.462665
0.689655 0.579951
0.724138 0.670119
0.758621 0.728954
0.793103 0.753703
0.827586 0.74321
0.862069 0.697965
0.896552 0.620084
0.931034 0.513208
0.965517 0.382336
1 0.233586
