0 0.270774
0.0344828 0.113832
0.0689655 -0.0484324
0.103448 -0.208432
0.137931 -0.358686
0.172414 -0.492168
0.206897 -0.602636
0.241379 -0.684926
0.275862 -0.73519
0.310345 -0.751077
0.344828 -0.731845
0.37931 -0.678392
0.413793 -0.593218
0.448276 -0.480306
0.482759 -0.344936
0.517241 -0.193437
0.551724 -0.0328926
0.586207 0.12919
0.62069 0.285231
0.655172 0.427935
0.689655 0.55063
0.724138 0.647577
0.758621 0.714245
0.793103 0.747516
0.827586 0.745833
0.862069 0.709276
0.896552 0.639554
0.931034 0.539927
0.965517 0.415054
1 0.270774
