0 0.306844
0.0344828 0.153067
0.0689655 -0.00786633
0.103448 -0.168432
0.137931 -0.321122
0.172414 -0.458797
0.206897 -0.575019
0.241379 -0.664354
0.275862 -0.722624
0.310345 -0.747105
0.344828 -0.736653
0.37931 -0.691755
0.413793 -0.614512
0.448276 -0.508534
0.482759 -0.378779
0.517241 -0.231311
0.551724 -0.0730286
0.586207 0.088669
0.62069 0.246221
0.655172 0.392259
0.689655 0.519956
0.724138 0.623341
0.758621 0.697578
0.793103 0.739198
0.827586 0.746254
0.862069 0.718415
0.896552 0.656985
0.931034 0.564834
0.965517 0.446272
1 0.306844
