0 0.341701
0.0344828 0.191511
0.0689655 0.0323671
0.103448 -0.128291
0.137931 -0.28295
0.172414 -0.424378
0.206897 -0.545964
0.241379 -0.64202
0.275862 -0.708057
0.310345 -0.740985
0.344828 -0.739266
0.37931 -0.702979
0.413793 -0.633822
0.448276 -0.535029
0.482759 -0.411217
0.517241 -0.268178
0.551724 -0.112599
0.586207 0.0482446
0.62069 0.206833
0.655172 0.35575
0.689655 0.488032
0.724138 0.597494
0.758621 0.679019
0.793103 0.728793
0.827586 0.74449
0.862069 0.725375
0.896552 0.672342
0.931034 0.587872
0.965517 0.475913
1 0.341701
