0 0.375254
0.0344828 0.229059
0.0689655 0.0721532
0.103448 -0.0881263
0.137931 -0.244285
0.172414 -0.389021
0.206897 -0.515567
0.241379 -0.618006
0.275862 -0.691547
0.310345 -0.732753
0.344828 -0.739696
0.37931 -0.712051
0.413793 -0.651112
0.448276 -0.559727
0.482759 -0.44217
0.517241 -0.303938
0.551724 -0.151494
0.586207 0.00803364
0.62069 0.167186
0.655172 0.31852
0.689655 0.454961
0.724138 0.570129
0.758621 0.658638
0.793103 0.716349
0.827586 0.740565
0.862069 0.730153
0.896552 0.6856
0.931034 0.608989
0.965517 0.503903
1 0.375254
