0 0.407416
0.0344828 0.265608
0.0689655 0.11138
0.103448 -0.0480564
0.137931 -0.205245
0.172414 -0.352837
0.206897 -0.483931
0.241379 -0.592396
0.275862 -0.673162
0.310345 -0.722452
0.344828 -0.73796
0.37931 -0.718962
0.413793 -0.666346
0.448276 -0.582573
0.482759 -0.471559
0.517241 -0.338496
0.551724 -0.189605
0.586207 -0.0318483
0.62069 0.127398
0.655172 0.280687
0.689655 0.420851
0.724138 0.541337
0.758621 0.63651
0.793103 0.701921
0.827586 0.734511
0.862069 0.732756
0.896552 0.696739
0.931034 0.628142
0.965517 0.530174
1 0.407416
