0 -0.357899
0.0344828 -0.155804
0.0689655 0.053576
0.103448 0.260451
0.137931 0.455147
0.172414 0.628562
0.206897 0.772585
0.241379 0.880484
0.275862 0.947211
0.310345 0.969649
0.344828 0.946746
0.37931 0.879575
0.413793 0.771276
0.448276 0.626913
0.482759 0.453236
0.517241 0.258366
0.551724 0.0514155
0.586207 -0.157939
0.62069 -0.359909
0.655172 -0.54505
0.689655 -0.704705
0.724138 -0.831408
0.758621 -0.919236
0.793103 -0.964082
0.827586 -0.963848
0.862069 -0.918545
0.896552 -0.830293
0.931034 -0.703217
0.965517 -0.543259
1 -0.357899
