0 0.438106
0.0344828 0.30106
0.0689655 0.149937
0.103448 -0.00819741
0.137931 -0.165948
0.172414 -0.315939
0.206897 -0.451157
0.241379 -0.56528
0.275862 -0.652971
0.310345 -0.710129
0.344828 -0.734083
0.37931 -0.723712
0.413793 -0.6795
0.448276 -0.603517
0.482759 -0.499313
0.517241 -0.371762
0.551724 -0.226828
0.586207 -0.0712875
0.62069 0.0875862
0.655172 0.242364
0.689655 0.38581
0.724138 0.511215
0.758621 0.612717
0.793103 0.685569
0.827586 0.726364
0.862069 0.733195
0.896552 0.705743
0.931034 0.645291
0.965517 0.554666
1 0.438106
