0 0.467246
0.0344828 0.335321
0.0689655 0.187717
0.103448 0.0313361
0.137931 -0.12651
0.172414 -0.278441
0.206897 -0.417353
0.241379 -0.536749
0.275862 -0.631048
0.310345 -0.69584
0.344828 -0.728094
0.37931 -0.726304
0.413793 -0.690553
0.448276 -0.622512
0.482759 -0.525364
0.517241 -0.40365
0.551724 -0.263061
0.586207 -0.110173
0.62069 0.0478678
0.655172 0.20367
0.689655 0.349949
0.724138 0.479864
0.758621 0.587342
0.793103 0.667356
0.827586 0.716165
0.862069 0.731487
0.896552 0.712606
0.931034 0.660404
0.965517 0.577322
1 0.467246
