0 0.494765
0.0344828 0.368302
0.0689655 0.224618
0.103448 0.0704314
0.137931 -0.0870488
0.172414 -0.240459
0.206897 -0.382625
0.241379 -0.5069
0.275862 -0.607473
0.310345 -0.679642
0.344828 -0.720031
0.37931 -0.726752
0.413793 -0.699491
0.448276 -0.639523
0.482759 -0.549651
0.517241 -0.434078
0.551724 -0.298208
0.586207 -0.148395
0.62069 0.00835769
0.655172 0.164719
0.689655 0.313379
0.724138 0.447385
0.758621 0.560472
0.793103 0.647352
0.827586 0.703963
0.862069 0.727657
0.896552 0.717326
0.931034 0.673455
0.965517 0.598093
1 0.494765
