0 0.520597
0.0344828 0.399918
0.0689655 0.260539
0.103448 0.108978
0.137931 -0.0476787
0.172414 -0.202106
0.206897 -0.347083
0.241379 -0.475831
0.275862 -0.58233
0.310345 -0.6616
0.344828 -0.709933
0.37931 -0.725072
0.413793 -0.706306
0.448276 -0.654515
0.482759 -0.572119
0.517241 -0.462971
0.551724 -0.332176
0.586207 -0.185848
0.62069 -0.0308304
0.655172 0.125629
0.689655 0.276214
0.724138 0.413884
0.758621 0.532201
0.793103 0.625632
0.827586 0.68981
0.862069 0.721733
0.896552 0.719909
0.931034 0.684423
0.965517 0.616933
1 0.520597
