0 0.544681
0.0344828 0.430088
0.0689655 0.295384
0.103448 0.146868
0.137931 -0.00851453
0.172414 -0.163499
0.206897 -0.310839
0.241379 -0.443644
0.275862 -0.555705
0.310345 -0.641782
0.344828 -0.69785
0.37931 -0.721287
0.413793 -0.710998
0.448276 -0.667463
0.482759 -0.592718
0.517241 -0.490258
0.551724 -0.364875
0.586207 -0.22243
0.62069 -0.0695849
0.655172 0.0865141
0.689655 0.238568
0.724138 0.379466
0.758621 0.502621
0.793103 0.602274
0.827586 0.673766
0.862069 0.713753
0.896552 0.720365
0.931034 0.693294
0.965517 0.633806
1 0.544681
