0 0.566962
0.0344828 0.458736
0.0689655 0.32906
0.103448 0.183997
0.137931 0.0303312
0.172414 -0.124753
0.206897 -0.274004
0.241379 -0.410443
0.275862 -0.52769
0.310345 -0.620263
0.344828 -0.683833
0.37931 -0.715428
0.413793 -0.71357
0.448276 -0.678346
0.482759 -0.611404
0.517241 -0.515873
0.551724 -0.396221
0.586207 -0.258041
0.62069 -0.107796
0.655172 0.0474894
0.689655 0.200554
0.724138 0.344242
0.758621 0.471833
0.793103 0.577361
0.827586 0.655893
0.862069 0.703756
0.896552 0.718712
0.931034 0.700062
0.965517 0.648678
1 0.566962
