0 0.587391
0.0344828 0.485793
0.0689655 0.361479
0.103448 0.220263
0.137931 0.0687477
0.172414 -0.0859821
0.206897 -0.236691
0.241379 -0.376333
0.275862 -0.498378
0.310345 -0.59712
0.344828 -0.667941
0.37931 -0.707529
0.413793 -0.714034
0.448276 -0.687152
0.482759 -0.62814
0.517241 -0.539756
0.551724 -0.426134
0.586207 -0.292586
0.62069 -0.145357
0.655172 0.00866797
0.689655 0.162288
0.724138 0.30832
0.758621 0.439935
0.793103 0.550979
0.827586 0.63626
0.862069 0.69179
0.896552 0.714973
0.931034 0.704724
0.965517 0.661524
1 0.587391
