0 0.605924
0.0344828 0.511192
0.0689655 0.392557
0.103448 0.255567
0.137931 0.106627
0.172414 -0.0472996
0.206897 -0.199014
0.241379 -0.341423
0.275862 -0.467867
0.310345 -0.572434
0.344828 -0.650235
0.37931 -0.697632
0.413793 -0.712408
0.448276 -0.693873
0.482759 -0.642893
0.517241 -0.561852
0.551724 -0.454539
0.586207 -0.325973
0.62069 -0.182165
0.655172 -0.0298384
0.689655 0.123883
0.724138 0.271812
0.758621 0.407031
0.793103 0.523218
0.827586 0.61494
0.862069 0.677908
0.896552 0.709177
0.931034 0.707287
0.965517 0.672324
1 0.605924
