0 0.622524
0.0344828 0.534875
0.0689655 0.422216
0.103448 0.289815
0.137931 0.143862
0.172414 -0.00881807
0.206897 -0.161085
0.241379 -0.305821
0.275862 -0.436256
0.310345 -0.546293
0.344828 -0.630785
0.37931 -0.685783
0.413793 -0.708714
0.448276 -0.698507
0.482759 -0.655638
0.517241 -0.582112
0.551724 -0.481367
0.586207 -0.358115
0.62069 -0.218117
0.655172 -0.0679199
0.689655 0.0854527
0.724138 0.23483
0.758621 0.373226
0.793103 0.494171
0.827586 0.592009
0.862069 0.662166
0.896552 0.70136
0.931034 0.707759
0.965517 0.681065
1 0.622524
