0 0.637159
0.0344828 0.556787
0.0689655 0.450381
0.103448 0.322915
0.137931 0.18035
0.172414 0.0293519
0.206897 -0.123019
0.241379 -0.269637
0.275862 -0.403647
0.310345 -0.518783
0.344828 -0.609662
0.37931 -0.672033
0.413793 -0.702981
0.448276 -0.701058
0.482759 -0.666355
0.517241 -0.600493
0.551724 -0.506554
0.586207 -0.388928
0.62069 -0.253116
0.655172 -0.105469
0.689655 0.0471095
0.724138 0.197485
0.758621 0.338627
0.793103 0.463935
0.827586 0.56755
0.862069 0.644626
0.896552 0.691561
0.931034 0.706159
0.965517 0.687738
1 0.637159
