0 -0.404239
0.0344828 -0.206328
0.0689655 0.00123093
0.103448 0.208732
0.137931 0.406473
0.172414 0.585208
0.206897 0.736579
0.241379 0.853509
0.275862 0.930529
0.310345 0.964039
0.344828 0.952472
0.37931 0.896368
0.413793 0.798351
0.448276 0.663004
0.482759 0.496655
0.517241 0.307084
0.551724 0.103153
0.586207 -0.105601
0.62069 -0.309417
0.655172 -0.498765
0.689655 -0.664791
0.724138 -0.799732
0.758621 -0.897279
0.793103 -0.95287
0.827586 -0.963906
0.862069 -0.929871
0.896552 -0.852356
0.931034 -0.734986
0.965517 -0.583248
1 -0.404239
