0 0.649804
0.0344828 0.57688
0.0689655 0.476982
0.103448 0.354781
0.137931 0.215991
0.172414 0.0671014
0.206897 -0.084926
0.241379 -0.232982
0.275862 -0.370145
0.310345 -0.489999
0.344828 -0.586942
0.37931 -0.656441
0.413793 -0.695244
0.448276 -0.701539
0.482759 -0.675031
0.517241 -0.616959
0.551724 -0.530039
0.586207 -0.418334
0.62069 -0.287069
0.655172 -0.142381
0.689655 0.00896487
0.724138 0.159891
0.758621 0.303342
0.793103 0.432608
0.827586 0.541646
0.862069 0.625357
0.896552 0.679828
0.931034 0.70251
0.965517 0.692344
1 0.649804
