0 0.660439
0.0344828 0.595111
0.0689655 0.501957
0.103448 0.385332
0.137931 0.250689
0.172414 0.104324
0.206897 -0.0469192
0.241379 -0.195968
0.275862 -0.335854
0.310345 -0.460036
0.344828 -0.562707
0.37931 -0.639066
0.413793 -0.685543
0.448276 -0.699965
0.482759 -0.681658
0.517241 -0.631477
0.551724 -0.551769
0.586207 -0.44626
0.62069 -0.319885
0.655172 -0.178553
0.689655 -0.0288716
0.724138 0.12216
0.758621 0.267479
0.793103 0.400291
0.827586 0.514387
0.862069 0.604429
0.896552 0.66621
0.931034 0.696839
0.965517 0.694885
1 0.660439
