0 0.66905
0.0344828 0.611443
0.0689655 0.525246
0.103448 0.414488
0.137931 0.284349
0.172414 0.140915
0.206897 -0.00910841
0.241379 -0.158706
0.275862 -0.300883
0.310345 -0.42899
0.344828 -0.537039
0.37931 -0.619976
0.413793 -0.673924
0.448276 -0.69636
0.482759 -0.686235
0.517241 -0.644022
0.551724 -0.571696
0.586207 -0.472637
0.62069 -0.351479
0.655172 -0.213886
0.689655 -0.0662919
0.724138 0.084402
0.758621 0.231149
0.793103 0.367088
0.827586 0.485863
0.862069 0.581919
0.896552 0.650765
0.931034 0.689182
0.965517 0.695374
1 0.66905
