0 0.675631
0.0344828 0.625845
0.0689655 0.546795
0.103448 0.442177
0.137931 0.316884
0.172414 0.176774
0.206897 0.0283974
0.241379 -0.121307
0.275862 -0.265338
0.310345 -0.396963
0.344828 -0.510027
0.37931 -0.599242
0.413793 -0.660437
0.448276 -0.690751
0.482759 -0.688766
0.517241 -0.654575
0.551724 -0.589777
0.586207 -0.497402
0.62069 -0.381769
0.655172 -0.248284
0.689655 -0.10319
0.724138 0.0467285
0.758621 0.194462
0.793103 0.333104
0.827586 0.456169
0.862069 0.557905
0.896552 0.633553
0.931034 0.679578
0.965517 0.693826
1 0.675631
