0 0.68018
0.0344828 0.638292
0.0689655 0.566557
0.103448 0.468332
0.137931 0.348207
0.172414 0.211801
0.206897 0.0654915
0.241379 -0.0838806
0.275862 -0.22933
0.310345 -0.364057
0.344828 -0.481761
0.37931 -0.576938
0.413793 -0.645138
0.448276 -0.683172
0.482759 -0.689262
0.517241 -0.663123
0.551724 -0.605977
0.586207 -0.520496
0.62069 -0.410677
0.655172 -0.281655
0.689655 -0.139464
0.724138 0.00924875
0.758621 0.157529
0.793103 0.298443
0.827586 0.425403
0.862069 0.532471
0.896552 0.614641
0.931034 0.668072
0.965517 0.690264
1 0.68018
