0 0.682701
0.0344828 0.648764
0.0689655 0.584491
0.103448 0.492888
0.137931 0.378239
0.172414 0.245903
0.206897 0.102069
0.241379 -0.0465376
0.275862 -0.192968
0.310345 -0.330375
0.344828 -0.452335
0.37931 -0.553144
0.413793 -0.628088
0.448276 -0.673664
0.482759 -0.68774
0.517241 -0.669658
0.551724 -0.620263
0.586207 -0.541866
0.62069 -0.438132
0.655172 -0.313911
0.689655 -0.175012
0.724138 -0.0279294
0.758621 0.120459
0.793103 0.263215
0.827586 0.393663
0.862069 0.505704
0.896552 0.594099
0.931034 0.654714
0.965517 0.684716
1 0.682701
