0 0.683205
0.0344828 0.657248
0.0689655 0.600559
0.103448 0.515789
0.137931 0.406901
0.172414 0.278987
0.206897 0.138027
0.241379 -0.00938593
0.275862 -0.15636
0.310345 -0.296024
0.344828 -0.421845
0.37931 -0.527942
0.413793 -0.609352
0.448276 -0.66227
0.482759 -0.684221
0.517241 -0.674178
0.551724 -0.632612
0.586207 -0.561465
0.62069 -0.464065
0.655172 -0.344966
0.689655 -0.209737
0.724138 -0.0647
0.758621 0.0833618
0.793103 0.227526
0.827586 0.361051
0.862069 0.477694
0.896552 0.572
0.931034 0.63956
0.965517 0.677215
1 0.683205
