0 0.681707
0.0344828 0.663737
0.0689655 0.614731
0.103448 0.536981
0.137931 0.434123
0.172414 0.310965
0.206897 0.173267
0.241379 0.0274674
0.275862 -0.119617
0.310345 -0.261108
0.344828 -0.39039
0.37931 -0.501417
0.413793 -0.588999
0.448276 -0.64904
0.482759 -0.678733
0.517241 -0.676689
0.551724 -0.643004
0.586207 -0.579252
0.62069 -0.488415
0.655172 -0.374741
0.689655 -0.243544
0.724138 -0.100959
0.758621 0.0463464
0.793103 0.191485
0.827586 0.32767
0.862069 0.448533
0.896552 0.548423
0.931034 0.62267
0.965517 0.667801
1 0.681707
