0 0.678231
0.0344828 0.66823
0.0689655 0.626983
0.103448 0.556419
0.137931 0.459838
0.172414 0.341755
0.206897 0.207692
0.241379 0.0639174
0.275862 -0.0828457
0.310345 -0.225735
0.344828 -0.358069
0.37931 -0.473661
0.413793 -0.567104
0.448276 -0.63403
0.482759 -0.67131
0.517241 -0.6772
0.551724 -0.651425
0.586207 -0.59519
0.62069 -0.511124
0.655172 -0.403159
0.689655 -0.276343
0.724138 -0.136605
0.758621 0.00951999
0.793103 0.1552
0.827586 0.293623
0.862069 0.418317
0.896552 0.523451
0.931034 0.604108
0.965517 0.656519
1 0.678231
