0 0.672803
0.0344828 0.67073
0.0689655 0.637295
0.103448 0.57406
0.137931 0.483983
0.172414 0.371275
0.206897 0.241207
0.241379 0.099861
0.275862 -0.046155
0.310345 -0.190013
0.344828 -0.324986
0.37931 -0.444763
0.413793 -0.543743
0.448276 -0.617299
0.482759 -0.66199
0.517241 -0.675727
0.551724 -0.657869
0.586207 -0.609249
0.62069 -0.532141
0.655172 -0.430151
0.689655 -0.308047
0.724138 -0.17154
0.758621 -0.0270113
0.793103 0.11878
0.827586 0.259018
0.862069 0.387144
0.896552 0.497167
0.931034 0.583944
0.965517 0.643416
1 0.672803
