0 -0.448991
0.0344828 -0.255806
0.0689655 -0.0506588
0.103448 0.156857
0.137931 0.357038
0.172414 0.540524
0.206897 0.698737
0.241379 0.824277
0.275862 0.911274
0.310345 0.955662
0.344828 0.955364
0.37931 0.910394
0.413793 0.822855
0.448276 0.69684
0.482759 0.538242
0.517241 0.354476
0.551724 0.154136
0.586207 -0.0534121
0.62069 -0.258463
0.655172 -0.451428
0.689655 -0.623284
0.724138 -0.765997
0.758621 -0.872892
0.793103 -0.938972
0.827586 -0.961147
0.862069 -0.93838
0.896552 -0.871735
0.931034 -0.764328
0.965517 -0.621183
1 -0.448991
