0 0.665456
0.0344828 0.671248
0.0689655 0.645653
0.103448 0.589869
0.137931 0.506502
0.172414 0.399452
0.206897 0.273724
0.241379 0.135198
0.275862 -0.00965098
0.310345 -0.154048
0.344828 -0.291242
0.37931 -0.414818
0.413793 -0.518998
0.448276 -0.59891
0.482759 -0.650817
0.517241 -0.672293
0.551724 -0.662333
0.586207 -0.621404
0.62069 -0.551418
0.655172 -0.455648
0.689655 -0.338573
0.724138 -0.205667
0.758621 -0.0631435
0.793103 0.0823323
0.827586 0.223958
0.862069 0.355112
0.896552 0.469661
0.931034 0.56225
0.965517 0.628548
1 0.665456
