0 0.656229
0.0344828 0.6698
0.0689655 0.652052
0.103448 0.603815
0.137931 0.527344
0.172414 0.426215
0.206897 0.305156
0.241379 0.169829
0.275862 0.0265612
0.310345 -0.117949
0.344828 -0.256944
0.37931 -0.383924
0.413793 -0.492953
0.448276 -0.578932
0.482759 -0.63784
0.517241 -0.666924
0.551724 -0.664823
0.586207 -0.631636
0.62069 -0.568914
0.655172 -0.479591
0.689655 -0.367842
0.724138 -0.238893
0.758621 -0.0987743
0.793103 0.0459633
0.827586 0.188552
0.862069 0.322324
0.896552 0.441024
0.931034 0.539103
0.965517 0.611973
1 0.656229
