0 0.645165
0.0344828 0.666407
0.0689655 0.656489
0.103448 0.615874
0.137931 0.546462
0.172414 0.451497
0.206897 0.335421
0.241379 0.203661
0.275862 0.0623782
0.310345 -0.0818214
0.344828 -0.222195
0.37931 -0.352179
0.413793 -0.465696
0.448276 -0.557437
0.482759 -0.623113
0.517241 -0.659653
0.551724 -0.665349
0.586207 -0.639933
0.62069 -0.584595
0.655172 -0.501922
0.689655 -0.395779
0.724138 -0.27113
0.758621 -0.133804
0.793103 0.00977894
0.827586 0.152905
0.862069 0.288881
0.896552 0.411349
0.931034 0.514583
0.965517 0.593756
1 0.645165
