0 0.632313
0.0344828 0.661097
0.0689655 0.658969
0.103448 0.626028
0.137931 0.563815
0.172414 0.475238
0.206897 0.36444
0.241379 0.236601
0.275862 0.0976989
0.310345 -0.0457715
0.344828 -0.187102
0.37931 -0.319683
0.413793 -0.437317
0.448276 -0.534502
0.482759 -0.606694
0.517241 -0.650518
0.551724 -0.663925
0.586207 -0.646287
0.62069 -0.598429
0.655172 -0.52259
0.689655 -0.422315
0.724138 -0.302293
0.758621 -0.168136
0.793103 -0.0261168
0.827586 0.117123
0.862069 0.254887
0.896552 0.380732
0.931034 0.488775
0.965517 0.573963
1 0.632313
