0 0.617725
0.0344828 0.653901
0.0689655 0.659501
0.103448 0.634263
0.137931 0.579368
0.172414 0.497382
0.206897 0.39214
0.241379 0.268561
0.275862 0.132424
0.310345 -0.00990391
0.344828 -0.151769
0.37931 -0.286538
0.413793 -0.407908
0.448276 -0.510206
0.482759 -0.588646
0.517241 -0.639562
0.551724 -0.660573
0.586207 -0.650696
0.62069 -0.610394
0.655172 -0.54155
0.689655 -0.447383
0.724138 -0.332298
0.758621 -0.201675
0.793103 -0.0616215
0.827586 0.0813132
0.862069 0.220446
0.896552 0.349271
0.931034 0.461764
0.965517 0.552666
1 0.617725
