0 0.60146
0.0344828 0.644857
0.0689655 0.658101
0.103448 0.640572
0.137931 0.593092
0.172414 0.517879
0.206897 0.41845
0.241379 0.299455
0.275862 0.166459
0.310345 0.0256782
0.344828 -0.116303
0.37931 -0.252846
0.413793 -0.377566
0.448276 -0.484631
0.482759 -0.569036
0.517241 -0.626833
0.551724 -0.65532
0.586207 -0.653165
0.62069 -0.620469
0.655172 -0.558761
0.689655 -0.470925
0.724138 -0.361069
0.758621 -0.234331
0.793103 -0.0966348
0.827586 0.0455795
0.862069 0.185663
0.896552 0.317064
0.931034 0.433641
0.965517 0.52994
1 0.60146
