0 0.58358
0.0344828 0.634008
0.0689655 0.65479
0.103448 0.644955
0.137931 0.604962
0.172414 0.536682
0.206897 0.443307
0.241379 0.329204
0.275862 0.199708
0.310345 0.0608733
0.344828 -0.0808076
0.37931 -0.21871
0.413793 -0.346386
0.448276 -0.457865
0.482759 -0.547935
0.517241 -0.612384
0.551724 -0.648199
0.586207 -0.653704
0.62069 -0.628643
0.655172 -0.574188
0.689655 -0.492884
0.724138 -0.388533
0.758621 -0.266015
0.793103 -0.131059
0.827586 0.0100259
0.862069 0.150642
0.896552 0.284214
0.931034 0.404497
0.965517 0.505865
1 0.58358
