0 0.564152
0.0344828 0.621401
0.0689655 0.649594
0.103448 0.647413
0.137931 0.61496
0.172414 0.553752
0.206897 0.466651
0.241379 0.35773
0.275862 0.232082
0.310345 0.0955819
0.344828 -0.0453874
0.37931 -0.184234
0.413793 -0.314467
0.448276 -0.429995
0.482759 -0.525417
0.517241 -0.596272
0.551724 -0.639245
0.586207 -0.652328
0.62069 -0.634909
0.655172 -0.587802
0.689655 -0.51321
0.724138 -0.414621
0.758621 -0.296645
0.793103 -0.164798
0.827586 -0.0252452
0.862069 0.115488
0.896552 0.250821
0.931034 0.374426
0.965517 0.480523
1 0.564152
