0 0.543244
0.0344828 0.607089
0.0689655 0.642546
0.103448 0.647959
0.137931 0.623073
0.172414 0.569054
0.206897 0.488426
0.241379 0.38496
0.275862 0.263494
0.310345 0.129707
0.344828 -0.0101451
0.37931 -0.149523
0.413793 -0.281909
0.448276 -0.401113
0.482759 -0.501562
0.517241 -0.578558
0.551724 -0.628502
0.586207 -0.649057
0.62069 -0.639263
0.655172 -0.599578
0.689655 -0.531858
0.724138 -0.439268
0.758621 -0.326139
0.793103 -0.19776
0.827586 -0.0601334
0.862069 0.0803046
0.896552 0.216988
0.931034 0.343525
0.965517 0.453999
1 0.543244
