0 0.520933
0.0344828 0.591128
0.0689655 0.633682
0.103448 0.646605
0.137931 0.629295
0.172414 0.582559
0.206897 0.508583
0.241379 0.410827
0.275862 0.29386
0.310345 0.163154
0.344828 0.0248179
0.37931 -0.114678
0.413793 -0.248812
0.448276 -0.371312
0.482759 -0.47645
0.517241 -0.559309
0.551724 -0.616016
0.586207 -0.643918
0.62069 -0.641712
0.655172 -0.6095
0.689655 -0.548788
0.724138 -0.462416
0.758621 -0.354421
0.793103 -0.229854
0.827586 -0.09454
0.862069 0.0451951
0.896552 0.182817
0.931034 0.31189
0.965517 0.42638
1 0.520933
