0 -0.0537426
0.0344828 0.163741
0.0689655 0.373568
0.103448 0.565927
0.137931 0.731825
0.172414 0.863503
0.206897 0.954804
0.241379 1.00146
0.275862 1.00129
0.310345 0.954299
0.344828 0.862686
0.37931 0.730736
0.413793 0.564617
0.448276 0.372097
0.482759 0.162179
0.517241 -0.0553234
0.551724 -0.270238
0.586207 -0.472517
0.62069 -0.652702
0.655172 -0.802367
0.689655 -0.914514
0.724138 -0.9839
0.758621 -1.00728
0.793103 -0.983559
0.827586 -0.91385
0.862069 -0.801409
0.896552 -0.651495
0.931034 -0.471119
0.965517 -0.268713
0 0
