0 -0.547081
0.0344828 -0.335304
0.0689655 -0.107849
0.103448 0.124649
0.137931 0.351318
0.172414 0.56156
0.206897 0.745545
0.241379 0.894668
0.275862 1.00196
0.310345 1.0624
0.344828 1.07316
0.37931 1.03374
0.413793 0.945989
0.448276 0.814002
0.482759 0.643953
0.517241 0.443794
0.551724 0.222883
0.586207 -0.00844938
0.62069 -0.239387
0.655172 -0.459131
0.689655 -0.657406
0.724138 -0.824932
0.758621 -0.954116
0.793103 -1.03561
0.827586 -1.09559
0.862069 -0.942893
0.896552 -1.4188
0.931034 0.0936145
0.965517 -2.00207
0 0
