0 -0.600025
0.0344828 -0.392168
0.0689655 -0.165974
0.103448 0.0679814
0.137931 0.298758
0.172414 0.515564
0.206897 0.708264
0.241379 0.867846
0.275862 0.986848
0.310345 1.05971
0.344828 1.08301
0.37931 1.05568
0.413793 0.978986
0.448276 0.856514
0.482759 0.693993
0.517241 0.499022
0.551724 0.280716
0.586207 0.049285
0.62069 -0.184451
0.655172 -0.409562
0.689655 -0.615522
0.724138 -0.792702
0.758621 -0.932815
0.793103 -1.02931
0.827586 -1.07768
0.862069 -1.07565
0.896552 -1.02333
0.931034 -0.923162
0.965517 -0.779825
1 -0.600025
