0 -0.651989
0.0344828 -0.448716
0.0689655 -0.224462
0.103448 0.0102874
0.137931 0.244556
0.172414 0.467389
0.206897 0.668368
0.241379 0.838095
0.275862 0.968633
0.310345 1.05388
0.344828 1.08985
0.37931 1.07486
0.413793 1.0096
0.448276 0.897145
0.482759 0.742736
0.517241 0.553598
0.551724 0.338574
0.586207 0.107719
0.62069 -0.128173
0.655172 -0.358071
0.689655 -0.571247
0.724138 -0.75736
0.758621 -0.912024
0.793103 -0.992329
0.827586 -1.21123
0.862069 -0.580668
0.896552 -2.40052
0.931034 1.39757
0.965517 -3.12823
0 0
