0 -0.702807
0.0344828 -0.50478
0.0689655 -0.28315
0.103448 -0.0482798
0.137931 0.188848
0.172414 0.417145
0.206897 0.625937
0.241379 0.80546
0.275862 0.947322
0.310345 1.04489
0.344828 1.0936
0.37931 1.09117
0.413793 1.03772
0.448276 0.935747
0.482759 0.790021
0.517241 0.607354
0.551724 0.396288
0.586207 0.166692
0.62069 -0.0706986
0.655172 -0.304777
0.689655 -0.524719
0.724138 -0.718694
0.758621 -0.891947
0.793103 -0.937605
0.827586 -1.36887
0.862069 -0.125705
0.896552 -3.35004
0.931034 2.52901
0.965517 -3.91029
0 0
