0 -0.752314
0.0344828 -0.560187
0.0689655 -0.341867
0.103448 -0.107562
0.137931 0.131773
0.172414 0.364947
0.206897 0.581056
0.241379 0.769995
0.275862 0.92293
0.310345 1.03271
0.344828 1.0942
0.37931 1.10453
0.413793 1.06321
0.448276 0.972178
0.482759 0.835687
0.517241 0.66012
0.551724 0.453687
0.586207 0.226039
0.62069 -0.0121772
0.655172 -0.249825
0.689655 -0.47579
0.724138 -0.679509
0.758621 -0.851454
0.793103 -0.983586
0.827586 -1.06973
0.862069 -1.10585
0.896552 -1.09026
0.931034 -1.0237
0.965517 -0.909263
1 -0.752314
