0 -0.800345
0.0344828 -0.614767
0.0689655 -0.400444
0.103448 -0.167395
0.137931 0.07348
0.172414 0.31092
0.206897 0.533821
0.241379 0.731761
0.275862 0.895485
0.310345 1.01734
0.344828 1.09162
0.37931 1.11486
0.413793 1.08597
0.448276 1.0063
0.482759 0.879579
0.517241 0.711729
0.551724 0.510599
0.586207 0.285594
0.62069 0.0472346
0.655172 -0.193333
0.689655 -0.424861
0.724138 -0.636522
0.758621 -0.818421
0.793103 -0.962051
0.827586 -1.0607
0.862069 -1.10975
0.896552 -1.1069
0.931034 -1.0523
0.965517 -0.9485
1 -0.800345
