0 -0.84674
0.0344828 -0.668348
0.0689655 -0.458706
0.103448 -0.227614
0.137931 0.0141201
0.172414 0.255194
0.206897 0.484336
0.241379 0.69083
0.275862 0.865022
0.310345 0.998767
0.344828 1.08581
0.37931 1.12208
0.413793 1.10589
0.448276 1.03798
0.482759 0.921542
0.517241 0.762011
0.551724 0.56685
0.586207 0.345187
0.62069 0.107326
0.655172 -0.13487
0.689655 -0.377022
0.724138 -0.556811
0.758621 -0.962192
0.793103 -0.204239
0.827586 -3.35094
0.862069 4.33414
0.896552 -10.4232
0.931034 9.52185
0.965517 -7.63728
1 -8.70164e-15
