0 -0.891338
0.0344828 -0.720759
0.0689655 -0.516478
0.103448 -0.288048
0.137931 -0.0461484
0.172414 0.197909
0.206897 0.432712
0.241379 0.647282
0.275862 0.831586
0.310345 0.977006
0.344828 1.07674
0.37931 1.12613
0.413793 1.12286
0.448276 1.06709
0.482759 0.961424
0.517241 0.810801
0.551724 0.622267
0.586207 0.404635
0.62069 0.168083
0.655172 -0.0763276
0.689655 -0.31717
0.724138 -0.543181
0.758621 -0.743794
0.793103 -0.909628
0.827586 -1.03293
0.862069 -1.10793
0.896552 -1.13113
0.931034 -1.10143
0.965517 -1.02024
1 -0.891338
