0 -0.933983
0.0344828 -0.771829
0.0689655 -0.573586
0.103448 -0.348523
0.137931 -0.107163
0.172414 0.139208
0.206897 0.37907
0.241379 0.601206
0.275862 0.795231
0.310345 0.952072
0.344828 1.0644
0.37931 1.12695
0.413793 1.13681
0.448276 1.09351
0.482759 0.99908
0.517241 0.857935
0.551724 0.676674
0.586207 0.463773
0.62069 0.229186
0.655172 -0.0161171
0.689655 -0.260667
0.724138 -0.493028
0.758621 -0.702336
0.793103 -0.878803
0.827586 -1.01418
0.862069 -1.10213
0.896552 -1.13855
0.931034 -1.12173
0.965517 -1.05246
1 -0.933983
