0 -0.974521
0.0344828 -0.82139
0.0689655 -0.629852
0.103448 -0.408863
0.137931 -0.168755
0.172414 0.0792426
0.206897 0.323535
0.241379 0.5527
0.275862 0.756021
0.310345 0.923991
0.344828 1.04876
0.37931 1.12448
0.413793 1.14763
0.448276 1.11712
0.482759 1.03437
0.517241 0.90325
0.551724 0.7299
0.586207 0.52242
0.62069 0.290512
0.655172 0.0450203
0.689655 -0.202577
0.724138 -0.440701
0.758621 -0.658219
0.793103 -0.844959
0.827586 -0.99219
0.862069 -1.09303
0.896552 -1.14276
0.931034 -1.13905
0.965517 -1.08208
1 -0.974521
