0 -0.108113
0.0344828 0.111284
0.0689655 0.325478
0.103448 0.524453
0.137931 0.698905
0.172414 0.840677
0.206897 0.94314
0.241379 1.0015
0.275862 1.01304
0.310345 0.977202
0.344828 0.895674
0.37931 0.772266
0.413793 0.612747
0.448276 0.424577
0.482759 0.216554
0.517241 -0.00159463
0.551724 -0.219669
0.586207 -0.427471
0.62069 -0.615286
0.655172 -0.77433
0.689655 -0.897168
0.724138 -0.978055
0.758621 -1.01321
0.793103 -1.00099
0.827586 -0.94196
0.862069 -0.838887
0.896552 -0.69659
0.931034 -0.52172
0.965517 -0.335891
1 -3.82702e-16
