0 -1.0128
0.0344828 -0.869275
0.0689655 -0.685099
0.103448 -0.46889
0.137931 -0.230755
0.172414 0.0181694
0.206897 0.266244
0.241379 0.50187
0.275862 0.714028
0.310345 0.8928
0.344828 1.02983
0.37931 1.1187
0.413793 1.15526
0.448276 1.1378
0.482759 1.06714
0.517241 0.946588
0.551724 0.78177
0.586207 0.580397
0.62069 0.351885
0.655172 0.10692
0.689655 -0.143045
0.724138 -0.386322
0.758621 -0.611534
0.793103 -0.808152
0.827586 -0.966981
0.862069 -1.0806
0.896552 -1.14368
0.931034 -1.15329
0.965517 -1.10898
1 -1.0128
