0 -1.04869
0.0344828 -0.915318
0.0689655 -0.739152
0.103448 -0.528423
0.137931 -0.292986
0.172414 -0.0438493
0.206897 0.207338
0.241379 0.44883
0.275862 0.669336
0.310345 0.858544
0.344828 1.00761
0.37931 1.10956
0.413793 1.15962
0.448276 1.15547
0.482759 1.09728
0.517241 0.987793
0.551724 0.832113
0.586207 0.637525
0.62069 0.413126
0.655172 0.169411
0.689655 -0.0822263
0.724138 -0.330019
0.758621 -0.56238
0.793103 -0.768444
0.827586 -0.938577
0.862069 -1.06482
0.896552 -1.14128
0.931034 -1.16437
0.965517 -1.13302
1 -1.04869
