0 -1.08203
0.0344828 -0.95936
0.0689655 -0.791834
0.103448 -0.587282
0.137931 -0.35527
0.172414 -0.106646
0.206897 0.146965
0.241379 0.393704
0.275862 0.622034
0.310345 0.821278
0.344828 0.98212
0.37931 1.09704
0.413793 1.16066
0.448276 1.17001
0.482759 1.12464
0.517241 1.02685
0.551724 0.879515
0.586207 0.702926
0.62069 0.416304
0.655172 0.53112
0.689655 -1.30805
0.724138 4.33375
0.758621 -14.0765
0.793103 31.7698
0.827586 -62.9907
0.862069 90.7023
0.896552 -100.829
0.931034 71.2837
0.965517 -29.1339
1 -3.31941e-14
