0 -1.11269
0.0344828 -1.00124
0.0689655 -0.842972
0.103448 -0.645285
0.137931 -0.417426
0.172414 -0.170049
0.206897 0.0852801
0.241379 0.336621
0.275862 0.572223
0.310345 0.781067
0.344828 0.95339
0.37931 1.08113
0.413793 1.15832
0.448276 1.18135
0.482759 1.14914
0.517241 1.0632
0.551724 0.927544
0.586207 0.748516
0.62069 0.534489
0.655172 0.29547
0.689655 0.0426343
0.724138 -0.212195
0.758621 -0.457101
0.793103 -0.680635
0.827586 -0.872342
0.862069 -1.02326
0.896552 -1.12633
0.931034 -1.17674
0.965517 -1.17212
1 -1.11269
