0 -1.14056
0.0344828 -1.04081
0.0689655 -0.892393
0.103448 -0.70225
0.137931 -0.479271
0.172414 -0.233881
0.206897 0.0224448
0.241379 0.277721
0.275862 0.520011
0.310345 0.737986
0.344828 0.921454
0.37931 1.06184
0.413793 1.15257
0.448276 1.18942
0.482759 1.17045
0.517241 1.09869
0.551724 0.960932
0.586207 0.871328
0.62069 0.236771
0.655172 1.91826
0.689655 -5.63219
0.724138 17.5549
0.758621 -45.7875
0.793103 94.6784
0.827586 -161.414
0.862069 209.196
0.896552 -203.919
0.931034 129.589
0.965517 -45.5218
0 0
