0 -1.1655
0.0344828 -1.07791
0.0689655 -0.939929
0.103448 -0.757995
0.137931 -0.540618
0.172414 -0.297962
0.206897 -0.0413743
0.241379 0.217148
0.275862 0.465518
0.310345 0.69212
0.344828 0.886359
0.37931 1.03915
0.413793 1.14336
0.448276 1.1941
0.482759 1.18901
0.517241 1.12832
0.551724 1.01487
0.586207 0.853968
0.62069 0.653135
0.655172 0.421763
0.689655 0.170669
0.724138 -0.0884053
0.758621 -0.343346
0.793103 -0.582232
0.827586 -0.793893
0.862069 -0.968433
0.896552 -1.09769
0.931034 -1.17562
0.965517 -1.19858
1 -1.1655
