0 -1.18739
0.0344828 -1.11241
0.0689655 -0.985413
0.103448 -0.812339
0.137931 -0.601282
0.172414 -0.362109
0.206897 -0.106005
0.241379 0.155056
0.275862 0.408867
0.310345 0.64356
0.344828 0.84816
0.37931 1.0131
0.413793 1.13067
0.448276 1.19537
0.482759 1.20418
0.517241 1.15668
0.551724 1.0551
0.586207 0.904176
0.62069 0.710979
0.655172 0.484536
0.689655 0.235437
0.724138 -0.0246702
0.758621 -0.283624
0.793103 -0.529316
0.827586 -0.750258
0.862069 -0.936119
0.896552 -1.07821
0.931034 -1.16988
0.965517 -1.20685
1 -1.18739
