0 -1.20614
0.0344828 -1.14416
0.0689655 -1.02868
0.103448 -0.865104
0.137931 -0.661075
0.172414 -0.426136
0.206897 -0.17127
0.241379 0.0916034
0.275862 0.350194
0.310345 0.59241
0.344828 0.806924
0.37931 0.983718
0.413793 1.11441
0.448276 1.19397
0.482759 1.2101
0.517241 1.2203
0.551724 0.881254
0.586207 1.96194
0.62069 -3.37986
0.655172 15.1767
0.689655 -43.7833
0.724138 112.656
0.758621 -241.48
0.793103 426.292
0.827586 -610.231
0.862069 678.637
0.896552 -560.811
0.931034 306.45
0.965517 -88.9097
0 0
