0 -1.22163
0.0344828 -1.17303
0.0689655 -1.06958
0.103448 -0.916111
0.137931 -0.71981
0.172414 -0.489852
0.206897 -0.236989
0.241379 0.0269558
0.275862 0.28964
0.310345 0.538781
0.344828 0.762729
0.37931 0.951013
0.413793 1.09483
0.448276 1.18745
0.482759 1.22455
0.517241 1.20439
0.551724 1.12791
0.586207 0.998697
0.62069 0.822784
0.655172 0.608397
0.689655 0.365563
0.724138 0.105636
0.758621 -0.159231
0.793103 -0.416653
0.827586 -0.654592
0.862069 -0.861923
0.896552 -1.02895
0.931034 -1.14787
0.965517 -1.21311
1 -1.22163
