0 -1.23378
0.0344828 -1.19889
0.0689655 -1.10794
0.103448 -0.965186
0.137931 -0.7773
0.172414 -0.553068
0.206897 -0.302975
0.241379 -0.0387152
0.275862 0.227355
0.310345 0.482795
0.344828 0.715646
0.37931 0.915179
0.413793 1.07066
0.448276 1.18553
0.482759 1.18318
0.517241 1.47856
0.551724 -0.060495
0.586207 6.12649
0.62069 -17.5029
0.655172 58.1192
0.689655 -153.914
0.724138 353.594
0.758621 -681.885
0.793103 1089.89
0.827586 -1412.68
0.862069 1430.03
0.896552 -1073.36
0.931034 534.397
0.965517 -138.921
0 0
