0 -0.162963
0.0344828 0.0577355
0.0689655 0.275734
0.103448 0.48084
0.137931 0.663462
0.172414 0.815061
0.206897 0.928549
0.241379 0.99862
0.275862 1.022
0.310345 0.997584
0.344828 0.926526
0.37931 0.812145
0.413793 0.659789
0.448276 0.476583
0.482759 0.271091
0.517241 0.0529239
0.551724 -0.167718
0.586207 -0.380518
0.62069 -0.575525
0.655172 -0.743621
0.689655 -0.876946
0.724138 -0.969266
0.758621 -1.01626
0.793103 -1.01574
0.827586 -0.967728
0.862069 -0.874462
0.896552 -0.740307
0.931034 -0.568177
0.965517 -0.419864
1 -4.78378e-16
