0 -1.2425
0.0344828 -1.22163
0.0689655 -1.14363
0.103448 -1.01216
0.137931 -0.833358
0.172414 -0.615591
0.206897 -0.36904
0.241379 -0.105233
0.275862 0.163495
0.310345 0.424582
0.344828 0.665762
0.37931 0.876309
0.413793 1.04194
0.448276 1.18612
0.482759 1.10933
0.517241 1.86333
0.551724 -1.60724
0.586207 12.0338
0.62069 -36.4084
0.655172 111.128
0.689655 -280.791
0.724138 612.464
0.758621 -1124.83
0.793103 1715.53
0.827586 -2123.36
0.862069 2055.88
0.896552 -1475.29
0.931034 702.727
0.965517 -173.652
0 0
