0 -1.24772
0.0344828 -1.24113
0.0689655 -1.1765
0.103448 -1.05686
0.137931 -0.887799
0.172414 -0.677229
0.206897 -0.434991
0.241379 -0.172415
0.275862 0.0982243
0.310345 0.36427
0.344828 0.613283
0.37931 0.83362
0.413793 1.01498
0.448276 1.14888
0.482759 1.22905
0.517241 1.25176
0.551724 1.21594
0.586207 1.12326
0.62069 0.978062
0.655172 0.787128
0.689655 0.559389
0.724138 0.305494
0.758621 0.0373139
0.793103 -0.232611
0.827586 -0.491659
0.862069 -0.727718
0.896552 -0.929749
0.931034 -1.08831
0.965517 -1.19598
1 -1.24772
