0 -1.24937
0.0344828 -1.25728
0.0689655 -1.20641
0.103448 -1.09912
0.137931 -0.940442
0.172414 -0.737788
0.206897 -0.500636
0.241379 -0.240074
0.275862 0.0317128
0.310345 0.302017
0.344828 0.558199
0.37931 0.788281
0.413793 0.981503
0.448276 1.12883
0.482759 1.22338
0.517241 1.26072
0.551724 1.23911
0.586207 1.15956
0.62069 1.0258
0.655172 0.844063
0.689655 0.622863
0.724138 0.372539
0.758621 0.104795
0.793103 -0.167849
0.827586 -0.432644
0.862069 -0.67721
0.896552 -0.89011
0.931034 -1.06139
0.965517 -1.18304
1 -1.24937
