0 -1.24739
0.0344828 -1.27
0.0689655 -1.23323
0.103448 -1.13879
0.137931 -0.991106
0.172414 -0.797076
0.206897 -0.565776
0.241379 -0.308021
0.275862 -0.0358633
0.310345 0.237971
0.344828 0.500679
0.37931 0.739975
0.413793 0.944671
0.448276 1.10519
0.482759 1.21404
0.517241 1.26612
0.551724 1.259
0.586207 1.193
0.62069 1.07123
0.655172 0.899363
0.689655 0.685444
0.724138 0.439475
0.758621 0.172956
0.793103 -0.10165
0.827586 -0.371503
0.862069 -0.623985
0.896552 -0.84729
0.931034 -1.03098
0.965517 -1.16646
1 -1.24739
