0 -1.24174
0.0344828 -1.2792
0.0689655 -1.25684
0.103448 -1.17571
0.137931 -1.03961
0.172414 -0.854901
0.206897 -0.630215
0.241379 -0.37606
0.275862 -0.104322
0.310345 0.172295
0.344828 0.440855
0.37931 0.688801
0.413793 0.90454
0.448276 1.07798
0.482759 1.20102
0.517241 1.2679
0.551724 1.2755
0.586207 1.22345
0.62069 1.11419
0.655172 0.952843
0.689655 0.746936
0.724138 0.506104
0.758621 0.241608
0.793103 -0.0341867
0.827586 -0.308382
0.862069 -0.568158
0.896552 -0.801368
0.931034 -0.997107
0.965517 -1.14622
1 -1.24174
