0 -1.23238
0.0344828 -1.28479
0.0689655 -1.27712
0.103448 -1.20974
0.137931 -1.08579
0.172414 -0.911072
0.206897 -0.693757
0.241379 -0.443964
0.275862 -0.173741
0.310345 0.107184
0.344828 0.36505
0.37931 0.718648
0.413793 0.408278
0.448276 3.23064
0.482759 -8.19833
0.517241 37.1571
0.551724 -120.657
0.586207 368.092
0.62069 -971.671
0.655172 2262.25
0.689655 -4571.76
0.724138 7965.98
0.758621 -11798.7
0.793103 14602.5
0.827586 -14730.7
0.862069 11676.5
0.896552 -6858.77
0.931034 2674.49
0.965517 -529.943
1 -6.03797e-13
