0 -1.21927
0.0344828 -1.2867
0.0689655 -1.29397
0.103448 -1.24073
0.137931 -1.12947
0.172414 -0.965402
0.206897 -0.756193
0.241379 -0.511625
0.275862 -0.243134
0.310345 0.0367261
0.344828 0.314869
0.37931 0.578288
0.413793 0.814668
0.448276 1.01295
0.482759 1.16388
0.517241 1.26038
0.551724 1.29794
0.586207 1.27482
0.62069 1.19209
0.655172 1.05361
0.689655 0.865873
0.724138 0.637647
0.758621 0.379605
0.793103 0.103812
0.827586 -0.176834
0.862069 -0.449212
0.896552 -0.700585
0.931034 -0.919199
0.965517 -1.09483
1 -1.21927
