0 -1.20242
0.0344828 -1.28489
0.0689655 -1.30728
0.103448 -1.26854
0.137931 -1.17049
0.172414 -1.0177
0.206897 -0.817335
0.241379 -0.578748
0.275862 -0.313099
0.310345 -0.0328095
0.344828 0.249014
0.37931 0.519193
0.413793 0.765096
0.448276 0.975224
0.482759 1.13975
0.517241 1.25098
0.551724 1.30372
0.586207 1.2955
0.62069 1.2267
0.655172 1.10055
0.689655 0.92293
0.724138 0.702157
0.758621 0.448553
0.793103 0.173974
0.827586 -0.10874
0.862069 -0.386368
0.896552 -0.645931
0.931034 -0.875291
0.965517 -1.06372
1 -1.20242
