0 -1.1818
0.0344828 -1.27929
0.0689655 -1.31696
0.103448 -1.29305
0.137931 -1.20868
0.172414 -1.0678
0.206897 -0.876982
0.241379 -0.64516
0.275862 -0.383171
0.310345 -0.103265
0.344828 0.181469
0.37931 0.457718
0.413793 0.712564
0.448276 0.934092
0.482759 1.11194
0.517241 1.2378
0.551724 1.30578
0.586207 1.3127
0.62069 1.25824
0.655172 1.14495
0.689655 0.978123
0.724138 0.765559
0.758621 0.517197
0.793103 0.244652
0.827586 -0.0393323
0.862069 -0.321478
0.896552 -0.588591
0.931034 -0.828183
0.965517 -1.02905
1 -1.1818
