0 -1.15743
0.0344828 -1.26987
0.0689655 -1.32294
0.103448 -1.31414
0.137931 -1.24391
0.172414 -1.11545
0.206897 -0.935373
0.241379 -0.707468
0.275862 -0.47417
0.310345 -0.0495014
0.344828 -0.557568
0.37931 3.63569
0.413793 -13.491
0.448276 56.5356
0.482759 -195.838
0.517241 626.802
0.551724 -1777.44
0.586207 4510.28
0.62069 -10137.9
0.655172 20098.7
0.689655 -34831.8
0.724138 52245.2
0.758621 -66896.3
0.793103 71809.6
0.827586 -62999.2
0.862069 43511.6
0.896552 -22279.2
0.931034 7564.57
0.965517 -1293.81
0 0
