0 -0.218137
0.0344828 0.00323585
0.0689655 0.224458
0.103448 0.435184
0.137931 0.625562
0.172414 0.786689
0.206897 0.911032
0.241379 0.992776
0.275862 1.0281
0.310345 1.01535
0.344828 0.955121
0.37931 0.850234
0.413793 0.705591
0.448276 0.527955
0.482759 0.325633
0.517241 0.108084
0.551724 -0.114518
0.586207 -0.331766
0.62069 -0.533501
0.655172 -0.71029
0.689655 -0.853866
0.724138 -0.957517
0.758621 -1.0164
0.793103 -1.02775
0.827586 -0.991044
0.862069 -0.908001
0.896552 -0.7825
0.931034 -0.62041
0.965517 -0.429311
1 -0.218137
