0 -1.12932
0.0344828 -1.2566
0.0689655 -1.32514
0.103448 -1.33171
0.137931 -1.27601
0.172414 -1.16064
0.206897 -0.991007
0.241379 -0.775035
0.275862 -0.522822
0.310345 -0.246163
0.344828 0.0420067
0.37931 0.328212
0.413793 0.59907
0.448276 0.841917
0.482759 1.0454
0.517241 1.19999
0.551724 1.29848
0.586207 1.33625
0.62069 1.31154
0.655172 1.22551
0.689655 1.08217
0.724138 0.888228
0.758621 0.652755
0.793103 0.38676
0.827586 0.10268
0.862069 -0.186201
0.896552 -0.466375
0.931034 -0.724742
0.965517 -0.949221
1 -1.12932
