0 -1.09749
0.0344828 -1.23947
0.0689655 -1.32349
0.103448 -1.34563
0.137931 -1.30485
0.172414 -1.20305
0.206897 -1.045
0.241379 -0.838088
0.275862 -0.591987
0.310345 -0.318205
0.344828 -0.0295446
0.37931 0.260497
0.413793 0.538359
0.448276 0.791047
0.482759 1.00675
0.517241 1.17537
0.551724 1.28904
0.586207 1.34243
0.62069 1.33305
0.655172 1.26134
0.689655 1.13065
0.724138 0.947096
0.758621 0.719254
0.793103 0.457779
0.827586 0.1749
0.862069 -0.116157
0.896552 -0.401783
0.931034 -0.668622
0.965517 -0.904198
1 -1.09749
