0 -1.062
0.0344828 -1.21847
0.0689655 -1.31796
0.103448 -1.35583
0.137931 -1.3303
0.172414 -1.24256
0.206897 -1.09673
0.241379 -0.899613
0.275862 -0.660432
0.310345 -0.39037
0.344828 -0.102055
0.37931 0.191032
0.413793 0.475187
0.448276 0.737122
0.482759 0.964591
0.517241 1.14696
0.551724 1.27569
0.586207 1.34478
0.62069 1.35098
0.655172 1.29402
0.689655 1.17654
0.724138 1.00406
0.758621 0.784622
0.793103 0.528499
0.827586 0.247665
0.862069 -0.0447508
0.896552 -0.335074
0.931034 -0.609729
0.965517 -0.855874
1 -1.062
