0 -1.02288
0.0344828 -1.19359
0.0689655 -1.30849
0.103448 -1.36221
0.137931 -1.35223
0.172414 -1.27902
0.206897 -1.14601
0.241379 -0.959408
0.275862 -0.727948
0.310345 -0.462449
0.344828 -0.175327
0.37931 0.119993
0.413793 0.409703
0.448276 0.680255
0.482759 0.918999
0.517241 1.11477
0.551724 1.25842
0.586207 1.34322
0.62069 1.36522
0.655172 1.32338
0.689655 1.21966
0.724138 1.05892
0.758621 0.848653
0.793103 0.598708
0.827586 0.320768
0.862069 0.0278299
0.896552 -0.26641
0.931034 -0.548192
0.965517 -0.804342
1 -1.02288
