0 -0.980205
0.0344828 -1.16486
0.0689655 -1.2951
0.103448 -1.36441
0.137931 -1.37266
0.172414 -1.29805
0.206897 -1.27941
0.241379 -0.534333
0.275862 -3.24881
0.310345 10.8538
0.344828 -48.4613
0.37931 186.13
0.413793 -653.592
0.448276 2089.28
0.482759 -6048.5
0.517241 15842.6
0.551724 -37372.3
0.586207 79081.9
0.62069 -149252
0.655172 249557
0.689655 -366510
0.724138 467714
0.758621 -511374
0.793103 470144
0.827586 -354120
0.862069 210327
0.896552 -92655.2
0.931034 27033.6
0.965517 -3948.38
1 -4.49864e-12
