0 -0.934038
0.0344828 -1.13232
0.0689655 -1.27765
0.103448 -1.36325
0.137931 -1.3851
0.172414 -1.34218
0.206897 -1.2365
0.241379 -1.07301
0.275862 -0.859345
0.310345 -0.605498
0.344828 -0.323338
0.37931 -0.0260587
0.413793 0.272439
0.448276 0.558197
0.482759 0.817855
0.517241 1.03927
0.551724 1.21209
0.586207 1.32824
0.62069 1.38227
0.655172 1.37168
0.689655 1.29694
0.724138 1.16157
0.758621 0.971875
0.793103 0.73674
0.827586 0.467156
0.862069 0.175728
0.896552 -0.123916
0.931034 -0.417767
0.965517 -0.692083
1 -0.934038
