0 -0.884474
0.0344828 -1.09594
0.0689655 -1.25663
0.103448 -1.35511
0.137931 -1.41346
0.172414 -1.26197
0.206897 -1.86817
0.241379 1.87398
0.275862 -14.8887
0.310345 58.8805
0.344828 -232.902
0.37931 829.904
0.413793 -2705.07
0.448276 8034.98
0.482759 -21688.2
0.517241 53054.4
0.551724 -117149
0.586207 232446
0.62069 -412087
0.655172 648234
0.689655 -896955
0.724138 1.0798e+06
0.758621 -1.11499e+06
0.793103 969070
0.827586 -690558
0.862069 388236
0.896552 -161917
0.931034 44707.8
0.965517 -6169.35
0 0
