0 -0.831589
0.0344828 -1.05592
0.0689655 -1.23087
0.103448 -1.34827
0.137931 -1.40263
0.172414 -1.3914
0.206897 -1.31511
0.241379 -1.17733
0.275862 -0.9845
0.310345 -0.745633
0.344828 -0.471901
0.37931 -0.176104
0.413793 0.127928
0.448276 0.425978
0.482759 0.70411
0.517241 0.949318
0.551724 1.15014
0.586207 1.29718
0.62069 1.38356
0.655172 1.40525
0.689655 1.36124
0.724138 1.25357
0.758621 1.08729
0.793103 0.870167
0.827586 0.612357
0.862069 0.325913
0.896552 0.0242298
0.931034 -0.278586
0.965517 -0.568376
1 -0.831589
