0 -0.775507
0.0344828 -1.01218
0.0689655 -1.20152
0.103448 -1.33468
0.137931 -1.40544
0.172414 -1.41048
0.206897 -1.34956
0.241379 -1.22554
0.275862 -1.04422
0.310345 -0.814066
0.344828 -0.54585
0.37931 -0.252112
0.413793 0.0534156
0.448276 0.356445
0.482759 0.642808
0.517241 0.899114
0.551724 1.11338
0.586207 1.27558
0.62069 1.37814
0.655172 1.41626
0.689655 1.38816
0.724138 1.29514
0.758621 1.14157
0.793103 0.93462
0.827586 0.683968
0.862069 0.401334
0.896552 0.0999338
0.931034 -0.206139
0.965517 -0.502573
1 -0.775507
