0 -0.716339
0.0344828 -0.964843
0.0689655 -1.16823
0.103448 -1.317
0.137931 -1.40418
0.172414 -1.4257
0.206897 -1.38056
0.241379 -1.27087
0.275862 -1.10175
0.310345 -0.88112
0.344828 -0.619285
0.37931 -0.328493
0.413793 -0.0223418
0.448276 0.284855
0.482759 0.578731
0.517241 0.845547
0.551724 1.07283
0.586207 1.24994
0.62069 1.36861
0.655172 1.42329
0.689655 1.41141
0.724138 1.33354
0.758621 1.19331
0.793103 0.997283
0.827586 0.754626
0.862069 0.476684
0.896552 0.176452
0.931034 -0.13203
0.965517 -0.434339
1 -0.716339
