0 -0.273481
0.0344828 -0.0520696
0.0689655 0.171776
0.103448 0.38759
0.137931 0.58528
0.172414 0.755604
0.206897 0.890596
0.241379 0.983945
0.275862 1.03129
0.310345 1.0304
0.344828 0.981343
0.37931 0.886395
0.413793 0.75
0.448276 0.578536
0.482759 0.38002
0.517241 0.163735
0.551724 -0.0602062
0.586207 -0.281332
0.62069 -0.489303
0.655172 -0.674395
0.689655 -0.827953
0.724138 -0.942797
0.758621 -1.01356
0.793103 -1.03692
0.827586 -1.01181
0.862069 -0.939166
0.896552 -0.82786
0.931034 -0.625362
0.965517 -0.656038
1 -7.47465e-16
