0 -0.654213
0.0344828 -0.913996
0.0689655 -1.13104
0.103448 -1.2952
0.137931 -1.3988
0.172414 -1.43699
0.206897 -1.40799
0.241379 -1.31315
0.275862 -1.15691
0.310345 -0.946578
0.344828 -0.691983
0.37931 -0.405031
0.413793 -0.0991409
0.448276 0.211385
0.482759 0.512027
0.517241 0.788728
0.551724 1.02855
0.586207 1.22027
0.62069 1.35494
0.655172 1.42625
0.689655 1.43088
0.724138 1.36859
0.758621 1.24231
0.793103 1.05795
0.827586 0.824112
0.862069 0.551741
0.896552 0.253573
0.931034 -0.0564532
0.965517 -0.363839
1 -0.654213
