0 -0.591064
0.0344828 -0.847717
0.0689655 -1.16419
0.103448 -0.846056
0.137931 -3.62128
0.172414 9.43743
0.206897 -50.4665
0.241379 202.795
0.275862 -785.931
0.310345 2781.28
0.344828 -9088.49
0.37931 27300.9
0.413793 -75290.7
0.448276 190150
0.482759 -438543
0.517241 920475
0.551724 -1.75113e+06
0.586207 3.00469e+06
0.62069 -4.62255e+06
0.655172 6.3302e+06
0.689655 -7.64747e+06
0.724138 8.05915e+06
0.758621 -7.30181e+06
0.793103 5.57933e+06
0.827586 -3.50093e+06
0.862069 1.73501e+06
0.896552 -638099
0.931034 155265
0.965517 -18827.4
1 -2.14512e-11
