0 -0.52165
0.0344828 -0.802167
0.0689655 -1.04518
0.103448 -1.23931
0.137931 -1.3755
0.172414 -1.44737
0.206897 -1.45157
0.241379 -1.38789
0.275862 -1.25931
0.310345 -1.07185
0.344828 -0.834275
0.37931 -0.557687
0.413793 -0.255022
0.448276 0.0595681
0.482759 0.371372
0.517241 0.665812
0.551724 0.929118
0.586207 1.14898
0.62069 1.31512
0.655172 1.41976
0.689655 1.45802
0.724138 1.4281
0.758621 1.33141
0.793103 1.17246
0.827586 0.958684
0.862069 0.700085
0.896552 0.40875
0.931034 0.0983031
0.965517 -0.216741
1 -0.52165
