0 -0.451521
0.0344828 -0.741415
0.0689655 -0.996642
0.103448 -1.20527
0.137931 -1.35754
0.172414 -1.44633
0.206897 -1.46749
0.241379 -1.42003
0.275862 -1.30618
0.310345 -1.13125
0.344828 -0.903422
0.37931 -0.633353
0.413793 -0.333669
0.448276 -0.018383
0.482759 0.297762
0.517241 0.599985
0.551724 0.874153
0.586207 1.10745
0.62069 1.28896
0.655172 1.4102
0.689655 1.4655
0.724138 1.45227
0.758621 1.37114
0.793103 1.2259
0.827586 1.02333
0.862069 0.772919
0.896552 0.486362
0.931034 0.177064
0.965517 -0.140513
1 -0.451521
