0 -0.420641
0.0344828 -0.433125
0.0689655 -2.27854
0.103448 5.59168
0.137931 -33.1291
0.172414 137.383
0.206897 -563.878
0.241379 2110.97
0.275862 -7351.02
0.310345 23657.8
0.344828 -70361.5
0.37931 192972
0.413793 -487050
0.448276 1.1284e+06
0.482759 -2.39258e+06
0.517241 4.62635e+06
0.551724 -8.12361e+06
0.586207 1.28887e+07
0.62069 -1.83649e+07
0.655172 2.33285e+07
0.689655 -2.61793e+07
0.724138 2.56597e+07
0.758621 -2.16473e+07
0.793103 1.54164e+07
0.827586 -9.02296e+06
0.862069 4.17315e+06
0.896552 -1.43265e+06
0.931034 325315
0.965517 -36772.2
0 0
