0 -0.41752
0.0344828 0.028228
0.0689655 -4.24609
0.103448 15.2719
0.137931 -75.7571
0.172414 312.699
0.206897 -1232.59
0.241379 4476.47
0.275862 -15103.2
0.310345 47162.6
0.344828 -136195
0.37931 362977
0.413793 -890913
0.448276 2.00865e+06
0.482759 -4.14731e+06
0.517241 7.81385e+06
0.551724 -1.33767e+07
0.586207 2.07021e+07
0.62069 -2.87883e+07
0.655172 3.57055e+07
0.689655 -3.91391e+07
0.724138 3.74864e+07
0.758621 -3.09132e+07
0.793103 2.15262e+07
0.827586 -1.2322e+07
0.862069 5.5746e+06
0.896552 -1.87214e+06
0.931034 415836
0.965517 -45965.2
0 0
