0 -0.227786
0.0344828 -0.54141
0.0689655 -0.829718
0.103448 -1.07923
0.137931 -1.27828
0.172414 -1.41755
0.206897 -1.49055
0.241379 -1.49384
0.275862 -1.42729
0.310345 -1.294
0.344828 -1.1002
0.37931 -0.85496
0.413793 -0.569742
0.448276 -0.257882
0.482759 0.0660355
0.517241 0.386866
0.551724 0.689606
0.586207 0.960101
0.62069 1.1857
0.655172 1.35586
0.689655 1.46262
0.724138 1.50099
0.758621 1.46918
0.793103 1.36867
0.827586 1.20416
0.862069 0.983346
0.896552 0.716551
0.931034 0.416252
0.965517 0.0964888
1 -0.227786
