0 -0.14938
0.0344828 -0.469333
0.0689655 -0.76734
0.103448 -1.02947
0.137931 -1.24346
0.172414 -1.3993
0.206897 -1.48972
0.241379 -1.51048
0.275862 -1.46062
0.310345 -1.34245
0.344828 -1.16151
0.37931 -0.926265
0.413793 -0.647707
0.448276 -0.338861
0.482759 -0.0141721
0.517241 0.311181
0.551724 0.621982
0.586207 0.903701
0.62069 1.14316
0.655172 1.32917
0.689655 1.45303
0.724138 1.50895
0.758621 1.49431
0.793103 1.4098
0.827586 1.25936
0.862069 1.05004
0.896552 0.791626
0.931034 0.496193
0.965517 0.177557
1 -0.14938
