0 -0.0693919
0.0344828 -0.394831
0.0689655 -0.701808
0.103448 -0.975969
0.137931 -1.2045
0.172414 -1.3767
0.206897 -1.48453
0.241379 -1.52295
0.275862 -1.49016
0.310345 -1.38768
0.344828 -1.22033
0.37931 -0.995904
0.413793 -0.724918
0.448276 -0.420033
0.482759 -0.0955102
0.517241 0.23348
0.551724 0.551553
0.586207 0.843835
0.62069 1.09666
0.655172 1.29821
0.689655 1.43905
0.724138 1.51261
0.758621 1.51544
0.793103 1.4474
0.827586 1.31169
0.862069 1.11465
0.896552 0.865485
0.931034 0.575851
0.965517 0.259292
1 -0.0693919
