0 0.0119677
0.0344828 -0.318086
0.0689655 -0.633268
0.103448 -0.918837
0.137931 -1.16145
0.172414 -1.34974
0.206897 -1.47493
0.241379 -1.53115
0.275862 -1.51578
0.310345 -1.42952
0.344828 -1.27643
0.37931 -1.06365
0.413793 -0.801139
0.448276 -0.501164
0.482759 -0.177758
0.517241 0.153962
0.551724 0.478482
0.586207 0.780629
0.62069 1.04627
0.655172 1.263
0.689655 1.42066
0.724138 1.5119
0.758621 1.53244
0.793103 1.48133
0.827586 1.36095
0.862069 1.17694
0.896552 0.937893
0.931034 0.654991
0.965517 0.341463
1 0.0119677
