0 -0.328833
0.0344828 -0.108031
0.0689655 0.117823
0.103448 0.338167
0.137931 0.5427
0.172414 0.721856
0.206897 0.867259
0.241379 0.97211
0.275862 1.03151
0.310345 1.04267
0.344828 1.00508
0.37931 0.920494
0.413793 0.792866
0.448276 0.628165
0.482759 0.434091
0.517241 0.21972
0.551724 -0.00492469
0.586207 -0.229339
0.62069 -0.44303
0.655172 -0.636006
0.689655 -0.799242
0.724138 -0.925107
0.758621 -1.00772
0.793103 -1.0432
0.827586 -1.02991
0.862069 -0.968464
0.896552 -0.861731
0.931034 -0.714705
0.965517 -0.53426
1 -0.328833
