0 -12.4269
0.0344828 59.0199
0.0689655 -262.847
0.103448 1084.47
0.137931 -4197.77
0.172414 15152
0.206897 -51053.1
0.241379 160307
0.275862 -468604
0.310345 1.27325e+06
0.344828 -3.21017e+06
0.37931 7.49489e+06
0.413793 -1.61659e+07
0.448276 3.21242e+07
0.482759 -5.86235e+07
0.517241 9.78779e+07
0.551724 -1.48852e+08
0.586207 2.05119e+08
0.62069 -2.54524e+08
0.655172 2.82252e+08
0.689655 -2.7714e+08
0.724138 2.38162e+08
0.758621 -1.76481e+08
0.793103 1.10569e+08
0.827586 -5.7004e+07
0.862069 2.32445e+07
0.896552 -7.03846e+06
0.931034 1.40931e+06
0.965517 -140275
1 -1.59824e-10
