0 -30.2886
0.0344828 139.487
0.0689655 -599.678
0.103448 2405.04
0.137931 -9035.22
0.172414 31703.3
0.206897 -103893
0.241379 317534
0.275862 -904067
0.310345 2.3941e+06
0.344828 -5.88643e+06
0.37931 1.34101e+07
0.413793 -2.82384e+07
0.448276 5.48111e+07
0.482759 -9.77488e+07
0.517241 1.5956e+08
0.551724 -2.37344e+08
0.586207 3.2003e+08
0.62069 -3.88718e+08
0.655172 4.221e+08
0.689655 -4.05965e+08
0.724138 3.41823e+08
0.758621 -2.48243e+08
0.793103 1.52462e+08
0.827586 -7.70662e+07
0.862069 3.08152e+07
0.896552 -9.1504e+06
0.931034 1.7967e+06
0.965517 -175343
1 -1.9978e-10
