0 0.262066
0.0344828 -0.076356
0.0689655 -0.411213
0.103448 -0.726836
0.137931 -1.00848
0.172414 -1.24296
0.206897 -1.41933
0.241379 -1.52932
0.275862 -1.56782
0.310345 -1.53299
0.344828 -1.4265
0.37931 -1.25329
0.413793 -1.02149
0.448276 -0.741918
0.482759 -0.427661
0.517241 -0.0934023
0.551724 0.245223
0.586207 0.572379
0.62069 0.872776
0.655172 1.13236
0.689655 1.339
0.724138 1.48302
0.758621 1.5577
0.793103 1.55955
0.827586 1.48847
0.862069 1.3478
0.896552 1.1441
0.931034 0.886903
0.965517 0.588238
1 0.262066
