0 0.346672
0.0344828 0.00735834
0.0689655 -0.332308
0.103448 -0.656424
0.137931 -0.949862
0.172414 -1.19887
0.206897 -1.39184
0.241379 -1.5197
0.275862 -1.57653
0.310345 -1.55961
0.344828 -1.4698
0.37931 -1.31124
0.413793 -1.09138
0.448276 -0.820482
0.482759 -0.511225
0.517241 -0.178058
0.551724 0.163433
0.586207 0.49728
0.62069 0.80788
0.655172 1.0807
0.689655 1.30299
0.724138 1.46435
0.758621 1.55724
0.793103 1.57732
0.827586 1.52364
0.862069 1.39872
0.896552 1.2084
0.931034 0.961569
0.965517 0.669781
1 0.346672
