0 -400.747
0.0344828 1680.04
0.0689655 -6602.64
0.103448 24339.3
0.137931 -84110.6
0.172414 272218
0.206897 -824325
0.241379 2.33273e+06
0.275862 -6.16051e+06
0.310345 1.51584e+07
0.344828 -3.46867e+07
0.37931 7.36571e+07
0.413793 -1.44788e+08
0.448276 2.62708e+08
0.482759 -4.38528e+08
0.517241 6.7086e+08
0.551724 -9.363e+08
0.586207 1.18586e+09
0.62069 -1.35435e+09
0.655172 1.38415e+09
0.689655 -1.25404e+09
0.724138 9.95471e+08
0.758621 -6.82061e+08
0.793103 3.95455e+08
0.827586 -1.88804e+08
0.862069 7.1333e+07
0.896552 -2.00185e+07
0.931034 3.71466e+06
0.965517 -342468
0 0
