0 0.516307
0.0344828 0.178163
0.0689655 -0.168332
0.103448 -0.506928
0.137931 -0.821858
0.172414 -1.09831
0.206897 -1.32347
0.241379 -1.48667
0.275862 -1.58043
0.310345 -1.60022
0.344828 -1.54525
0.37931 -1.41798
0.413793 -1.22444
0.448276 -0.973616
0.482759 -0.677288
0.517241 -0.349282
0.551724 -0.00494251
0.586207 0.339618
0.62069 0.668314
0.655172 0.965743
0.689655 1.21803
0.724138 1.41335
0.758621 1.54259
0.793103 1.59971
0.827586 1.58201
0.862069 1.49035
0.896552 1.329
0.931034 1.10551
0.965517 0.830323
1 0.516307
