0 0.600843
0.0344828 0.264787
0.0689655 -0.0836833
0.103448 -0.428196
0.137931 -0.752745
0.172414 -1.04202
0.206897 -1.28267
0.241379 -1.46323
0.275862 -1.57548
0.310345 -1.61397
0.344828 -1.57707
0.37931 -1.46636
0.413793 -1.28714
0.448276 -1.0477
0.482759 -0.75929
0.517241 -0.435367
0.551724 -0.0910826
0.586207 0.257444
0.62069 0.593957
0.655172 0.902672
0.689655 1.1692
0.724138 1.38104
0.758621 1.52831
0.793103 1.60413
0.827586 1.60493
0.862069 1.53069
0.896552 1.38487
0.931034 1.1743
0.965517 0.908827
1 0.600843
