0 -4679.3
0.0344828 18037.5
0.0689655 -65385.2
0.103448 222786
0.137931 -712934
0.172414 2.14067e+06
0.206897 -6.0244e+06
0.241379 1.58702e+07
0.275862 -3.90765e+07
0.310345 8.97803e+07
0.344828 -1.92104e+08
0.37931 3.81959e+08
0.413793 -7.03912e+08
0.448276 1.19886e+09
0.482759 -1.88064e+09
0.517241 2.7066e+09
0.551724 -3.55744e+09
0.586207 4.24727e+09
0.62069 -4.57674e+09
0.655172 4.41696e+09
0.689655 -3.7819e+09
0.724138 2.8392e+09
0.758621 -1.84094e+09
0.793103 1.01066e+09
0.827586 -4.57101e+08
0.862069 1.63657e+08
0.896552 -4.3532e+07
0.931034 7.65653e+06
0.965517 -668882
0 0
