0 0.768095
0.0344828 0.43927
0.0689655 0.0898206
0.103448 -0.263717
0.137931 -0.605066
0.172414 -0.917946
0.206897 -1.18811
0.241379 -1.40249
0.275862 -1.55153
0.310345 -1.6278
0.344828 -1.62815
0.37931 -1.5522
0.413793 -1.40381
0.448276 -1.18968
0.482759 -0.919979
0.517241 -0.607244
0.551724 -0.266097
0.586207 0.0874499
0.62069 0.436962
0.655172 0.765991
0.689655 1.05924
0.724138 1.30294
0.758621 1.48572
0.793103 1.59904
0.827586 1.63757
0.862069 1.59955
0.896552 1.48673
0.931034 1.30438
0.965517 1.06106
1 0.768095
