0 -22671.4
0.0344828 82973.5
0.0689655 -285964
0.103448 927479
0.137931 -2.82841e+06
0.172414 8.10193e+06
0.206897 -2.17743e+07
0.241379 5.48312e+07
0.275862 -1.29176e+08
0.310345 2.84219e+08
0.344828 -5.82881e+08
0.37931 1.11168e+09
0.413793 -1.96669e+09
0.448276 3.21779e+09
0.482759 -4.85246e+09
0.517241 6.71791e+09
0.551724 -8.4991e+09
0.586207 9.77288e+09
0.62069 -1.01481e+10
0.655172 9.44264e+09
0.689655 -7.79878e+09
0.724138 5.65001e+09
0.758621 -3.5367e+09
0.793103 1.87507e+09
0.827586 -8.19228e+08
0.862069 2.83401e+08
0.896552 -7.28459e+07
0.931034 1.23814e+07
0.965517 -1.04513e+06
0 0
