0 -0.384034
0.0344828 -0.164495
0.0689655 0.0627366
0.103448 0.287034
0.137931 0.49791
0.172414 0.685505
0.206897 0.841046
0.241379 0.957261
0.275862 1.02871
0.310345 1.05207
0.344828 1.02623
0.37931 0.952401
0.413793 0.834041
0.448276 0.676683
0.482759 0.487684
0.517241 0.275882
0.551724 0.051179
0.586207 -0.175917
0.62069 -0.394787
0.655172 -0.595197
0.689655 -0.767776
0.724138 -0.904455
0.758621 -0.998843
0.793103 -1.04653
0.827586 -1.04527
0.862069 -0.995147
0.896552 -0.898488
0.931034 -0.759816
0.965517 -0.585617
1 -0.384034
