0 -49082.7
0.0344828 175208
0.0689655 -589325
0.103448 1.86645e+06
0.137931 -5.56099e+06
0.172414 1.5571e+07
0.206897 -4.09256e+07
0.241379 1.00833e+08
0.275862 -2.32525e+08
0.310345 5.00994e+08
0.344828 -1.00652e+09
0.37931 1.88128e+09
0.413793 -3.26281e+09
0.448276 5.23535e+09
0.482759 -7.74506e+09
0.517241 1.05222e+10
0.551724 -1.30671e+10
0.586207 1.47531e+10
0.62069 -1.50458e+10
0.655172 1.3753e+10
0.689655 -1.1161e+10
0.724138 7.94669e+09
0.758621 -4.88964e+09
0.793103 2.54865e+09
0.827586 -1.09488e+09
0.862069 3.72462e+08
0.896552 -9.41527e+07
0.931034 1.5738e+07
0.965517 -1.30641e+06
1 -1.48848e-09
