0 1.01059
0.0344828 0.700336
0.0689655 0.357004
0.103448 -0.00258909
0.137931 -0.362602
0.172414 -0.705011
0.206897 -1.01519
0.241379 -1.27712
0.275862 -1.48011
0.310345 -1.61317
0.344828 -1.67142
0.37931 -1.65102
0.413793 -1.55379
0.448276 -1.38366
0.482759 -1.14895
0.517241 -0.860524
0.551724 -0.531756
0.586207 -0.178286
0.62069 0.183697
0.655172 0.536943
0.689655 0.865169
0.724138 1.15293
0.758621 1.38672
0.793103 1.55577
0.827586 1.65197
0.862069 1.67101
0.896552 1.61187
0.931034 1.47735
0.965517 1.27383
1 1.01059
