0 -223029
0.0344828 758744
0.0689655 -2.43491e+06
0.103448 7.36513e+06
0.137931 -2.09788e+07
0.172414 5.62103e+07
0.206897 -1.415e+08
0.241379 3.34192e+08
0.275862 -7.39349e+08
0.310345 1.52946e+09
0.344828 -2.95242e+09
0.37931 5.30597e+09
0.413793 -8.8543e+09
0.448276 1.36785e+10
0.482759 -1.94947e+10
0.517241 2.55299e+10
0.551724 -3.05784e+10
0.586207 3.3315e+10
0.62069 -3.28023e+10
0.655172 2.89613e+10
0.689655 -2.27113e+10
0.724138 1.5632e+10
0.758621 -9.30139e+09
0.793103 4.68984e+09
0.827586 -1.94943e+09
0.862069 6.41801e+08
0.896552 -1.57032e+08
0.931034 2.54072e+07
0.965517 -2.04127e+06
1 -2.32574e-09
