0 1.16365
0.0344828 0.870985
0.0689655 0.536775
0.103448 0.178517
0.137931 -0.189383
0.172414 -0.546904
0.206897 -0.880544
0.241379 -1.17125
0.275862 -1.4089
0.310345 -1.57912
0.344828 -1.67682
0.37931 -1.69508
0.413793 -1.63481
0.448276 -1.49766
0.482759 -1.29064
0.517241 -1.02336
0.551724 -0.707959
0.586207 -0.359823
0.62069 0.00550984
0.655172 0.370301
0.689655 0.717918
0.724138 1.03198
0.758621 1.29765
0.793103 1.50285
0.827586 1.63757
0.862069 1.69586
0.896552 1.67483
0.931034 1.57537
0.965517 1.40252
1 1.16365
