0 1.23681
0.0344828 0.954538
0.0689655 0.626339
0.103448 0.270493
0.137931 -0.100003
0.172414 -0.463495
0.206897 -0.807867
0.241379 -1.11184
0.275862 -1.36635
0.310345 -1.5547
0.344828 -1.67226
0.37931 -1.71014
0.413793 -1.6691
0.448276 -1.54942
0.482759 -1.35746
0.517241 -1.10222
0.551724 -0.794992
0.586207 -0.451157
0.62069 -0.085688
0.655172 0.283397
0.689655 0.639402
0.724138 0.965564
0.758621 1.24635
0.793103 1.46917
0.827586 1.62299
0.862069 1.70112
0.896552 1.69969
0.931034 1.61858
0.965517 1.46223
1 1.23681
