0 -2.01052e+06
0.0344828 6.38933e+06
0.0689655 -1.91819e+07
0.103448 5.43547e+07
0.137931 -1.45231e+08
0.172414 3.65484e+08
0.206897 -8.65181e+08
0.241379 1.92374e+09
0.275862 -4.01126e+09
0.310345 7.82902e+09
0.344828 -1.42733e+10
0.37931 2.42499e+10
0.413793 -3.82911e+10
0.448276 5.60226e+10
0.482759 -7.56808e+10
0.517241 9.40179e+10
0.551724 -1.06905e+11
0.586207 1.10651e+11
0.62069 -1.03573e+11
0.655172 8.6989e+10
0.689655 -6.49301e+10
0.724138 4.2561e+10
0.758621 -2.41296e+10
0.793103 1.15972e+10
0.827586 -4.59679e+09
0.862069 1.44353e+09
0.896552 -3.36955e+08
0.931034 5.20154e+07
0.965517 -3.98685e+06
1 -4.54247e-09
