0 1.37508
0.0344828 1.11691
0.0689655 0.803347
0.103448 0.456178
0.137931 0.0829384
0.172414 -0.288783
0.206897 -0.652788
0.241379 -0.980455
0.275862 -1.26774
0.310345 -1.49095
0.344828 -1.64838
0.37931 -1.72575
0.413793 -1.72443
0.448276 -1.64143
0.482759 -1.48184
0.517241 -1.25354
0.551724 -0.965558
0.586207 -0.633665
0.62069 -0.271048
0.655172 0.103529
0.689655 0.473485
0.724138 0.821548
0.758621 1.13063
0.793103 1.38752
0.827586 1.57896
0.862069 1.69686
0.896552 1.73554
0.931034 1.69244
0.965517 1.57139
1 1.37508
