0 1.43962
0.0344828 1.1953
0.0689655 0.89014
0.103448 0.549488
0.137931 0.175869
0.172414 -0.197782
0.206897 -0.570871
0.241379 -0.908633
0.275862 -1.21194
0.310345 -1.45159
0.344828 -1.62904
0.37931 -1.72608
0.413793 -1.74517
0.448276 -1.68133
0.482759 -1.53892
0.517241 -1.32553
0.551724 -1.04853
0.586207 -0.724319
0.62069 -0.364692
0.655172 0.0110399
0.689655 0.38647
0.724138 0.744279
0.758621 1.0664
0.793103 1.33967
0.827586 1.54948
0.862069 1.68719
0.896552 1.74632
0.931034 1.7227
0.965517 1.62047
1 1.43962
