0 1.5007
0.0344828 1.27159
0.0689655 0.975303
0.103448 0.642892
0.137931 0.269282
0.172414 -0.10451
0.206897 -0.486431
0.241379 -0.832806
0.275862 -1.15203
0.310345 -1.40722
0.344828 -1.60478
0.37931 -1.72131
0.413793 -1.76113
0.448276 -1.71694
0.482759 -1.59226
0.517241 -1.39478
0.551724 -1.12958
0.586207 -0.814226
0.62069 -0.458625
0.655172 -0.0828175
0.689655 0.297017
0.724138 0.663748
0.758621 0.998085
0.793103 1.28721
0.827586 1.51506
0.862069 1.67241
0.896552 1.75222
0.931034 1.74826
0.965517 1.66568
1 1.5007
