0 -3.34408e+07
0.0344828 9.76859e+07
0.0689655 -2.70022e+08
0.103448 7.05615e+08
0.137931 -1.74131e+09
0.172414 4.05326e+09
0.206897 -8.88731e+09
0.241379 1.83283e+10
0.275862 -3.54915e+10
0.310345 6.44106e+10
0.344828 -1.09319e+11
0.37931 1.73097e+11
0.413793 -2.5501e+11
0.448276 3.48461e+11
0.482759 -4.40085e+11
0.517241 5.11601e+11
0.551724 -5.44851e+11
0.586207 5.28645e+11
0.62069 -4.64229e+11
0.655172 3.66061e+11
0.689655 -2.5671e+11
0.724138 1.58197e+11
0.758621 -8.43685e+10
0.793103 3.8164e+10
0.827586 -1.42435e+10
0.862069 4.21314e+09
0.896552 -9.26572e+08
0.931034 1.34778e+08
0.965517 -9.73352e+06
0 0
