0 -0.438919
0.0344828 -0.221302
0.0689655 0.00666218
0.103448 0.234315
0.137931 0.451012
0.172414 0.64662
0.206897 0.811992
0.241379 0.939397
0.275862 1.02288
0.310345 1.05853
0.344828 1.04468
0.37931 0.98199
0.413793 0.873381
0.448276 0.723933
0.482759 0.540635
0.517241 0.332057
0.551724 0.107953
0.586207 -0.121199
0.62069 -0.344684
0.655172 -0.552052
0.689655 -0.733606
0.724138 -0.880858
0.758621 -0.986922
0.793103 -1.04684
0.827586 -1.05781
0.862069 -1.01931
0.896552 -0.933156
0.931034 -0.803366
0.965517 -0.636012
1 -0.438919
