0 1.61106
0.0344828 1.41747
0.0689655 1.13893
0.103448 0.829686
0.137931 0.455669
0.172414 0.0886723
0.206897 -0.311546
0.241379 -0.669193
0.275862 -1.02083
0.310345 -1.30338
0.344828 -1.54172
0.37931 -1.69614
0.413793 -1.7782
0.448276 -1.77472
0.482759 -1.68677
0.517241 -1.52425
0.551724 -1.28475
0.586207 -0.990764
0.62069 -0.646277
0.655172 -0.273554
0.689655 0.111627
0.724138 0.493754
0.758621 0.849691
0.793103 1.16889
0.827586 1.43153
0.862069 1.62726
0.896552 1.74929
0.931034 1.7844
0.965517 1.74416
1 1.61106
