0 -1.30181e+08
0.0344828 3.65499e+08
0.0689655 -9.7175e+08
0.103448 2.44417e+09
0.137931 -5.80954e+09
0.172414 1.30333e+10
0.206897 -2.75598e+10
0.241379 5.48458e+10
0.275862 -1.02545e+11
0.310345 1.79784e+11
0.344828 -2.94934e+11
0.37931 4.51623e+11
0.413793 -6.43746e+11
0.448276 8.51498e+11
0.482759 -1.04144e+12
0.517241 1.17295e+12
0.551724 -1.21075e+12
0.586207 1.13903e+12
0.62069 -9.7019e+11
0.655172 7.42301e+11
0.689655 -5.05256e+11
0.724138 3.02298e+11
0.758621 -1.56569e+11
0.793103 6.87967e+10
0.827586 -2.49467e+10
0.862069 7.17056e+09
0.896552 -1.53261e+09
0.931034 2.16674e+08
0.965517 -1.52086e+07
1 -1.73281e-08
