0 1.70254
0.0344828 1.55483
0.0689655 1.28951
0.103448 1.01713
0.137931 0.637091
0.172414 0.291442
0.206897 -0.132348
0.241379 -0.489056
0.275862 -0.876788
0.310345 -1.17897
0.344828 -1.45998
0.37931 -1.64976
0.413793 -1.77466
0.448276 -1.81404
0.482759 -1.76322
0.517241 -1.64059
0.551724 -1.42858
0.586207 -1.16124
0.62069 -0.83186
0.655172 -0.466336
0.689655 -0.0810733
0.724138 0.31349
0.758621 0.686559
0.793103 1.03338
0.827586 1.32906
0.862069 1.56082
0.896552 1.72702
0.931034 1.79872
0.965517 1.80693
1 1.70254
