0 1.73947
0.0344828 1.62116
0.0689655 1.3576
0.103448 1.11214
0.137931 0.723504
0.172414 0.39739
0.206897 -0.0431707
0.241379 -0.392123
0.275862 -0.801242
0.310345 -1.10872
0.344828 -1.41254
0.37931 -1.61854
0.413793 -1.76482
0.448276 -1.82675
0.482759 -1.79387
0.517241 -1.6936
0.551724 -1.49542
0.586207 -1.24359
0.62069 -0.923241
0.655172 -0.562651
0.689655 -0.179714
0.724138 0.220223
0.758621 0.599855
0.793103 0.959457
0.827586 1.27113
0.862069 1.51927
0.896552 1.7091
0.931034 1.79666
0.965517 1.83303
1 1.73947
