0 1.76905
0.0344828 1.68704
0.0689655 1.41897
0.103448 1.2093
0.137931 0.805032
0.172414 0.50753
0.206897 0.0440674
0.241379 -0.289843
0.275862 -0.724372
0.310345 -1.03277
0.344828 -1.36104
0.37931 -1.58196
0.413793 -1.74933
0.448276 -1.83497
0.482759 -1.81894
0.517241 -1.74314
0.551724 -1.55838
0.586207 -1.32367
0.62069 -1.01339
0.655172 -0.658385
0.689655 -0.279698
0.724138 0.125315
0.758621 0.509954
0.793103 0.88154
0.827586 1.20909
0.862069 1.47181
0.896552 1.6872
0.931034 1.78757
0.965517 1.85642
1 1.76905
