0 1.78955
0.0344828 1.75406
0.0689655 1.47138
0.103448 1.31037
0.137931 0.879408
0.172414 0.623396
0.206897 0.127545
0.241379 -0.181211
0.275862 -0.647272
0.310345 -0.950702
0.344828 -1.30581
0.37931 -1.54012
0.413793 -1.72793
0.448276 -1.83898
0.482759 -1.83789
0.517241 -1.78933
0.551724 -1.61705
0.586207 -1.40125
0.62069 -1.10214
0.655172 -0.753057
0.689655 -0.380951
0.724138 0.0291548
0.758621 0.417057
0.793103 0.799652
0.827586 1.14341
0.862069 1.41796
0.896552 1.66211
0.931034 1.77036
0.965517 1.87826
1 1.78955
