0 -3.4502e+09
0.0344828 8.82802e+09
0.0689655 -2.14246e+10
0.103448 4.92657e+10
0.137931 -1.07215e+11
0.172414 2.20543e+11
0.206897 -4.28193e+11
0.241379 7.8344e+11
0.275862 -1.34843e+12
0.310345 2.17899e+12
0.344828 -3.29859e+12
0.37931 4.66631e+12
0.413793 -6.15144e+12
0.448276 7.53295e+12
0.482759 -8.53822e+12
0.517241 8.92036e+12
0.551724 -8.54912e+12
0.586207 7.47384e+12
0.62069 -5.92057e+12
0.655172 4.21618e+12
0.689655 -2.67299e+12
0.724138 1.4906e+12
0.758621 -7.20001e+11
0.793103 2.95215e+11
0.827586 -9.99381e+10
0.862069 2.68282e+10
0.896552 -5.35696e+09
0.931034 7.07648e+08
0.965517 -4.6413e+07
0 0
