0 1.79185
0.0344828 1.90301
0.0689655 1.53501
0.103448 1.53679
0.137931 0.992423
0.172414 0.883015
0.206897 0.272092
0.241379 0.0619835
0.275862 -0.498787
0.310345 -0.765599
0.344828 -1.18574
0.37931 -1.44142
0.413793 -1.66539
0.448276 -1.83656
0.482759 -1.85443
0.517241 -1.87275
0.551724 -1.71975
0.586207 -1.54768
0.62069 -1.27524
0.655172 -0.936735
0.689655 -0.587392
0.724138 -0.165128
0.758621 0.223333
0.793103 0.623448
0.827586 1.00423
0.862069 1.28739
0.896552 1.60797
0.931034 1.70412
0.965517 1.92594
1 1.79185
