0 1.76406
0.0344828 1.99501
0.0689655 1.53457
0.103448 1.67288
0.137931 1.01978
0.172414 1.03575
0.206897 0.324619
0.241379 0.202176
0.275862 -0.432084
0.310345 -0.660563
0.344828 -1.12182
0.37931 -1.38543
0.413793 -1.6226
0.448276 -1.83209
0.482759 -1.84986
0.517241 -1.911
0.551724 -1.76277
0.586207 -1.61578
0.62069 -1.35987
0.655172 -1.02407
0.689655 -0.692958
0.724138 -0.262244
0.758621 0.123304
0.793103 0.528251
0.827586 0.933445
0.862069 1.20725
0.896552 1.58393
0.931034 1.64867
0.965517 1.95946
1 1.76406
