0 -2.28752e+10
0.0344828 5.55711e+10
0.0689655 -1.28153e+11
0.103448 2.80245e+11
0.137931 -5.80453e+11
0.172414 1.13723e+12
0.206897 -2.10449e+12
0.241379 3.67259e+12
0.275862 -6.03318e+12
0.310345 9.31116e+12
0.344828 -1.34703e+13
0.37931 1.82215e+13
0.413793 -2.29827e+13
0.448276 2.69428e+13
0.482759 -2.92502e+13
0.517241 2.92853e+13
0.551724 -2.69094e+13
0.586207 2.25654e+13
0.62069 -1.71542e+13
0.655172 1.17278e+13
0.689655 -7.14085e+12
0.724138 3.82583e+12
0.758621 -1.77605e+12
0.793103 7.00078e+11
0.827586 -2.27897e+11
0.862069 5.88431e+10
0.896552 -1.1303e+10
0.931034 1.43652e+09
0.965517 -9.06504e+07
0 0
