0 -0.493323
0.0344828 -0.278293
0.0689655 -0.0502511
0.103448 0.180141
0.137931 0.40211
0.172414 0.605277
0.206897 0.780141
0.241379 0.918527
0.275862 1.01396
0.310345 1.06199
0.344828 1.06036
0.37931 1.00914
0.413793 0.910743
0.448276 0.769758
0.482759 0.592779
0.517241 0.388083
0.551724 0.165241
0.586207 -0.0653279
0.62069 -0.292842
0.655172 -0.506663
0.689655 -0.696793
0.724138 -0.854342
0.758621 -0.971978
0.793103 -1.04343
0.827586 -1.0747
0.862069 -0.991141
0.896552 -1.18413
0.931034 -0.245439
0.965517 -1.60165
0 0
