0 1.60537
0.0344828 2.26265
0.0689655 1.41595
0.103448 2.04125
0.137931 0.966347
0.172414 1.4281
0.206897 0.353852
0.241379 0.544668
0.275862 -0.332394
0.310345 -0.417579
0.344828 -0.988367
0.37931 -1.26512
0.413793 -1.50587
0.448276 -1.82591
0.482759 -1.8062
0.517241 -1.9852
0.551724 -1.82945
0.586207 -1.73875
0.62069 -1.52806
0.655172 -1.1834
0.689655 -0.911139
0.724138 -0.453805
0.758621 -0.0791537
0.793103 0.317442
0.827586 0.802971
0.862069 0.999419
0.896552 1.56693
0.931034 1.46164
0.965517 2.08381
1 1.60537
