0 -7.8484e+10
0.0344828 1.84441e+11
0.0689655 -4.11671e+11
0.103448 8.71743e+11
0.137931 -1.74925e+12
0.172414 3.32176e+12
0.206897 -5.96072e+12
0.241379 1.00911e+13
0.275862 -1.60882e+13
0.310345 2.41065e+13
0.344828 -3.38723e+13
0.37931 4.45193e+13
0.413793 -5.45779e+13
0.448276 6.22099e+13
0.482759 -6.56886e+13
0.517241 6.3987e+13
0.551724 -5.72215e+13
0.586207 4.67129e+13
0.62069 -3.45796e+13
0.655172 2.30268e+13
0.689655 -1.36597e+13
0.724138 7.13164e+12
0.758621 -3.22687e+12
0.793103 1.23999e+12
0.827586 -3.93573e+11
0.862069 9.90964e+10
0.896552 -1.85644e+10
0.931034 2.30121e+09
0.965517 -1.41641e+08
1 -1.61381e-07
