0 1.18273
0.0344828 2.778
0.0689655 0.997037
0.103448 2.67474
0.137931 0.63947
0.172414 2.04429
0.206897 0.191701
0.241379 1.03269
0.275862 -0.320151
0.310345 -0.113808
0.344828 -0.847744
0.37931 -1.14969
0.413793 -1.32462
0.448276 -1.84819
0.482759 -1.69578
0.517241 -2.06713
0.551724 -1.86731
0.586207 -1.83572
0.62069 -1.70492
0.655172 -1.30797
0.689655 -1.14497
0.724138 -0.639759
0.758621 -0.271893
0.793103 0.0566104
0.827586 0.727938
0.862069 0.673612
0.896552 1.66505
0.931034 1.08176
0.965517 2.39401
1 1.18273
