0 0.783911
0.0344828 3.22324
0.0689655 0.577611
0.103448 3.18356
0.137931 0.288265
0.172414 2.50744
0.206897 -0.0185461
0.241379 1.3709
0.275862 -0.371737
0.310345 0.069676
0.344828 -0.772257
0.37931 -1.10596
0.413793 -1.19373
0.448276 -1.88629
0.482759 -1.60294
0.517241 -2.11709
0.551724 -1.8752
0.586207 -1.86842
0.62069 -1.80415
0.655172 -1.34871
0.689655 -1.27128
0.724138 -0.731726
0.758621 -0.354019
0.793103 -0.111221
0.827586 0.74152
0.862069 0.425753
0.896552 1.81087
0.931034 0.753699
0.965517 2.69684
1 0.783911
