0 -4.79537e+11
0.0344828 1.07431e+12
0.0689655 -2.2875e+12
0.103448 4.6242e+12
0.137931 -8.86392e+12
0.172414 1.60895e+13
0.206897 -2.76149e+13
0.241379 4.47418e+13
0.275862 -6.83065e+13
0.310345 9.80641e+13
0.344828 -1.32092e+14
0.37931 1.66517e+14
0.413793 -1.95895e+14
0.448276 2.14374e+14
0.482759 -2.17424e+14
0.517241 2.0352e+14
0.551724 -1.74967e+14
0.586207 1.37369e+14
0.62069 -9.78358e+13
0.655172 6.27035e+13
0.689655 -3.58122e+13
0.724138 1.80072e+13
0.758621 -7.84938e+12
0.793103 2.90658e+12
0.827586 -8.89213e+11
0.862069 2.15844e+11
0.896552 -3.89885e+10
0.931034 4.66054e+09
0.965517 -2.76643e+08
1 -3.15197e-07
