0 -0.753565
0.0344828 4.87428
0.0689655 -1.06919
0.103448 4.95086
0.137931 -1.1179
0.172414 4.01515
0.206897 -0.909025
0.241379 2.37872
0.275862 -0.672653
0.310345 0.522407
0.344828 -0.590034
0.37931 -1.09987
0.413793 -0.786454
0.448276 -2.07781
0.482759 -1.29861
0.517241 -2.25272
0.551724 -1.875
0.586207 -1.8761
0.62069 -2.0555
0.655172 -1.35855
0.689655 -1.55117
0.724138 -0.929011
0.758621 -0.437297
0.793103 -0.610624
0.827586 1.00571
0.862069 -0.419446
0.896552 2.52697
0.931034 -0.458874
0.965517 3.92531
1 -0.753565
