0 -2.16053
0.0344828 6.36015
0.0689655 -2.5742
0.103448 6.46805
0.137931 -2.40116
0.172414 5.24619
0.206897 -1.73096
0.241379 3.14157
0.275862 -0.971418
0.310345 0.800517
0.344828 -0.462575
0.37931 -1.17823
0.413793 -0.463615
0.448276 -2.27261
0.482759 -1.06008
0.517241 -2.34715
0.551724 -1.87473
0.586207 -1.83125
0.62069 -2.22974
0.655172 -1.3104
0.689655 -1.70671
0.724138 -1.05194
0.758621 -0.393965
0.793103 -1.01471
0.827586 1.362
0.862069 -1.15605
0.896552 3.27343
0.931034 -1.55492
0.965517 5.09503
1 -2.16053
