0 -4.2907
0.0344828 8.59374
0.0689655 -4.83477
0.103448 8.68535
0.137931 -4.31299
0.172414 6.99048
0.206897 -2.9491
0.241379 4.16982
0.275862 -1.4144
0.310345 1.11629
0.344828 -0.283661
0.37931 -1.35688
0.413793 -0.0113653
0.448276 -2.57575
0.482759 -0.738317
0.517241 -2.46526
0.551724 -1.8856
0.586207 -1.73163
0.62069 -2.45957
0.655172 -1.21132
0.689655 -1.8704
0.724138 -1.21643
0.758621 -0.23878
0.793103 -1.60888
0.827586 1.99151
0.862069 -2.26342
0.896552 4.48052
0.931034 -3.21741
0.965517 6.90892
1 -4.2907
