0 -7.5118
0.0344828 11.9509
0.0689655 -8.2148
0.103448 11.9349
0.137931 -7.13886
0.172414 9.47537
0.206897 -4.72882
0.241379 5.56587
0.275862 -2.04707
0.310345 1.46628
0.344828 -0.015356
0.37931 -1.69326
0.413793 0.62973
0.448276 -3.0351
0.482759 -0.306582
0.517241 -2.61017
0.551724 -1.92409
0.586207 -1.54965
0.62069 -2.77163
0.655172 -1.04655
0.689655 -2.03389
0.724138 -1.46085
0.758621 0.103746
0.793103 -2.50898
0.827586 3.05524
0.862069 -3.9494
0.896552 6.405
0.931034 -5.74899
0.965517 9.70883
1 -7.51181
