0 -12.3775
0.0344828 16.9923
0.0689655 -13.2522
0.103448 16.7034
0.137931 -11.2924
0.172414 13.0264
0.206897 -7.3025
0.241379 7.46911
0.275862 -2.92541
0.310345 1.83669
0.344828 0.40412
0.37931 -2.27401
0.413793 1.54594
0.448276 -3.71723
0.482759 0.269315
0.517241 -2.78169
0.551724 -2.0177
0.586207 -1.24416
0.62069 -3.2029
0.655172 -0.799716
0.689655 -2.17715
0.724138 -1.85199
0.758621 0.756928
0.793103 -3.90003
0.827586 4.8064
0.862069 -6.538
0.896552 9.4435
0.931034 -9.61345
0.965517 14.014
1 -12.3775
